# Chromosome: chr13, Resolution: 500000bp
# Generated: 2026-07-31 11:30:01
bin	start	end	x	y	z
0	0	500000	-4.886314	-1.170223	0.499631
1	500000	1000000	-4.830252	-1.164885	0.844528
2	1000000	1500000	-4.812192	-1.009630	1.056666
3	1500000	2000000	-4.824246	-0.674154	0.999086
4	2000000	2500000	-4.796097	-0.385360	1.107548
5	2500000	3000000	-4.777902	-0.099391	1.043269
6	3000000	3500000	-4.799087	0.247748	0.659211
7	3500000	4000000	-4.823720	0.614361	0.095246
8	4000000	4500000	-4.821270	0.990686	-0.533386
9	4500000	5000000	-4.778942	1.365056	-1.067523
10	5000000	5500000	-4.677682	1.608984	-1.311052
11	5500000	6000000	-4.532297	1.896382	-1.391785
12	6000000	6500000	-4.347317	2.267040	-1.277892
13	6500000	7000000	-4.175012	2.687464	-0.951040
14	7000000	7500000	-4.074090	3.011733	-0.508437
15	7500000	8000000	-3.995259	2.338658	-0.032690
16	8000000	8500000	-3.906580	1.469321	0.296498
17	8500000	9000000	-3.864262	0.514434	0.454717
18	9000000	9500000	-3.979574	-0.242480	0.296228
19	9500000	10000000	-4.118947	-1.060368	0.037685
20	10000000	10500000	-4.226162	-1.952345	-0.236577
21	10500000	11000000	-4.295378	-2.759750	-0.449519
22	11000000	11500000	-4.402846	-2.583594	-0.601764
23	11500000	12000000	-4.579306	-2.103427	-0.578303
24	12000000	12500000	-4.720563	-1.499515	-0.376681
25	12500000	13000000	-4.703497	-1.054317	0.137277
26	13000000	13500000	-4.647618	-0.485987	0.682009
27	13500000	14000000	-4.546878	0.286207	1.177191
28	14000000	14500000	-4.361830	1.119114	1.630869
29	14500000	15000000	-4.100432	1.832115	2.087982
30	15000000	15500000	-3.807892	2.216260	2.503602
31	15500000	16000000	-3.583680	2.371312	2.839332
32	16000000	16500000	-3.460105	2.315252	3.083758
33	16500000	17000000	-3.395827	2.032529	3.298296
34	17000000	17500000	-3.335512	1.534852	3.509777
35	17500000	18000000	-3.144543	0.950572	3.634509
36	18000000	18500000	-2.827847	0.072107	3.491890
37	18500000	19000000	-2.539175	-0.667301	3.288395
38	19000000	19500000	-2.251399	-1.462052	3.010035
39	19500000	20000000	-1.924190	-1.984295	2.856985
40	20000000	20500000	-1.583235	-2.258530	2.738360
41	20500000	21000000	-1.367945	-2.424492	2.569846
42	21000000	21500000	-1.403419	-2.491745	2.531263
43	21500000	22000000	-1.478316	-2.264440	2.627049
44	22000000	22500000	-1.371942	-2.314476	2.628210
45	22500000	23000000	-1.231190	-2.251271	2.673438
46	23000000	23500000	-1.080883	-2.389525	2.691303
47	23500000	24000000	-0.947516	-2.539327	2.683303
48	24000000	24500000	-0.929318	-2.649710	2.806661
49	24500000	25000000	-0.665686	-2.723219	2.719184
50	25000000	25500000	-0.573901	-2.800690	2.773686
51	25500000	26000000	-0.484496	-2.727009	2.843147
52	26000000	26500000	-0.435405	-2.575608	3.017262
53	26500000	27000000	-0.288182	-2.493892	3.048440
54	27000000	27500000	-0.168925	-2.390677	3.174006
55	27500000	28000000	0.039442	-2.260709	3.222650
56	28000000	28500000	0.222274	-2.293145	3.338786
57	28500000	29000000	0.476827	-2.333521	3.303129
58	29000000	29500000	0.558739	-2.259148	3.317320
59	29500000	30000000	0.694665	-2.085206	3.300300
60	30000000	30500000	0.716873	-1.785435	3.401129
61	30500000	31000000	0.813331	-1.621763	3.438849
62	31000000	31500000	0.924254	-1.445343	3.540894
63	31500000	32000000	0.840700	-1.213853	3.691534
64	32000000	32500000	0.815041	-0.933112	3.737225
65	32500000	33000000	0.715378	-0.527913	3.846825
66	33000000	33500000	0.527564	-0.233934	3.986821
67	33500000	34000000	0.371075	-0.003384	4.067902
68	34000000	34500000	0.304627	0.196544	4.053714
69	34500000	35000000	0.415836	0.373344	3.914788
70	35000000	35500000	0.625815	0.489097	3.747454
71	35500000	36000000	0.727414	0.617108	3.608837
72	36000000	36500000	0.999287	0.728304	3.608829
73	36500000	37000000	1.362221	0.735886	3.555508
74	37000000	37500000	1.800412	0.658450	3.392586
75	37500000	38000000	2.061810	0.518512	3.182805
76	38000000	38500000	2.268555	0.297437	3.094719
77	38500000	39000000	2.391207	0.026727	3.028814
78	39000000	39500000	2.518487	-0.322901	2.946602
79	39500000	40000000	2.721989	-0.769260	2.758746
80	40000000	40500000	2.898902	-1.252431	2.486215
81	40500000	41000000	3.032702	-1.579396	2.308383
82	41000000	41500000	3.100376	-1.715147	2.176493
83	41500000	42000000	3.235375	-1.761993	1.991949
84	42000000	42500000	3.347996	-1.748713	1.816934
85	42500000	43000000	3.485707	-1.632839	1.811445
86	43000000	43500000	3.452589	-1.639853	1.657019
87	43500000	44000000	3.382187	-1.693265	1.586701
88	44000000	44500000	3.203015	-1.802698	1.496401
89	44500000	45000000	3.208915	-1.948321	1.442580
90	45000000	45500000	3.149453	-2.167372	1.268882
91	45500000	46000000	2.779939	-2.556727	1.129270
92	46000000	46500000	2.751255	-2.819680	0.850391
93	46500000	47000000	2.640210	-2.981687	0.686968
94	47000000	47500000	2.607275	-2.946042	0.509694
95	47500000	48000000	2.477958	-3.126376	0.377377
96	48000000	48500000	2.361257	-3.316315	0.227561
97	48500000	49000000	2.217822	-3.455951	0.136476
98	49000000	49500000	2.361276	-3.403608	0.018753
99	49500000	50000000	2.071719	-3.497071	0.129642
100	50000000	50500000	1.979283	-3.547853	0.187586
101	50500000	51000000	1.927557	-3.739961	0.237904
102	51000000	51500000	1.886100	-3.411704	0.272568
103	51500000	52000000	1.558665	-2.548905	0.563472
104	52000000	52500000	1.303041	-1.678382	1.027906
105	52500000	53000000	1.024368	-0.748091	1.501728
106	53000000	53500000	0.808132	0.201872	1.750540
107	53500000	54000000	0.570051	1.036988	1.983250
108	54000000	54500000	0.176730	2.088504	2.308157
109	54500000	55000000	0.062399	2.834319	2.675001
110	55000000	55500000	0.126508	3.040642	2.821996
111	55500000	56000000	0.190895	3.180721	2.720801
112	56000000	56500000	0.400383	3.256240	2.536822
113	56500000	57000000	0.682779	3.278311	2.494983
114	57000000	57500000	0.968879	3.250135	2.504655
115	57500000	58000000	1.261265	3.161937	2.350256
116	58000000	58500000	1.555654	2.911581	2.135723
117	58500000	59000000	1.844927	2.608931	1.964414
118	59000000	59500000	1.995704	2.409336	1.797262
119	59500000	60000000	2.120921	2.315139	1.759273
120	60000000	60500000	2.152489	2.241760	1.556785
121	60500000	61000000	1.995914	2.130110	1.307687
122	61000000	61500000	1.837111	2.329794	1.199017
123	61500000	62000000	1.339107	2.729226	1.032081
124	62000000	62500000	0.811509	3.101128	0.893215
125	62500000	63000000	0.353009	3.411236	0.838274
126	63000000	63500000	-0.045761	3.590150	0.696586
127	63500000	64000000	-0.464568	3.820660	0.615513
128	64000000	64500000	-0.681333	4.169985	0.564791
129	64500000	65000000	-0.783610	4.202201	0.350744
130	65000000	65500000	-0.585449	4.085260	0.272301
131	65500000	66000000	-0.273825	4.105949	0.185154
132	66000000	66500000	0.063929	4.142061	-0.036522
133	66500000	67000000	0.405632	4.221231	-0.178663
134	67000000	67500000	0.830497	4.135030	-0.282969
135	67500000	68000000	1.201833	4.067777	-0.421630
136	68000000	68500000	1.682103	3.918907	-0.522451
137	68500000	69000000	2.136535	3.917260	-0.499522
138	69000000	69500000	2.550544	3.730239	-0.508673
139	69500000	70000000	2.930665	3.370435	-0.408477
140	70000000	70500000	3.278442	3.062623	-0.368700
141	70500000	71000000	3.517319	2.828508	-0.356377
142	71000000	71500000	3.814300	2.373926	-0.374561
143	71500000	72000000	3.921486	1.982404	-0.291085
144	72000000	72500000	4.005836	1.581586	-0.393401
145	72500000	73000000	4.040408	1.244788	-0.613666
146	73000000	73500000	4.046866	1.124153	-0.806277
147	73500000	74000000	4.011095	0.771415	-0.919249
148	74000000	74500000	3.992329	0.451922	-1.041128
149	74500000	75000000	3.812876	0.573511	-1.159306
150	75000000	75500000	3.670766	0.570912	-1.304460
151	75500000	76000000	3.608051	0.306082	-1.466228
152	76000000	76500000	3.441136	0.111398	-1.502872
153	76500000	77000000	3.221646	0.058452	-1.601045
154	77000000	77500000	3.091083	0.102899	-1.836149
155	77500000	78000000	3.061702	0.073438	-1.971651
156	78000000	78500000	3.085736	-0.039671	-2.169212
157	78500000	79000000	3.088618	-0.116281	-2.180160
158	79000000	79500000	2.924373	0.202319	-2.360612
159	79500000	80000000	2.927040	0.545826	-2.589624
160	80000000	80500000	2.972529	0.843129	-2.665042
161	80500000	81000000	2.801015	1.161530	-2.766825
162	81000000	81500000	2.586480	1.589062	-2.887572
163	81500000	82000000	2.311705	1.969820	-2.841214
164	82000000	82500000	2.110137	2.420464	-3.054123
165	82500000	83000000	1.827990	2.659517	-3.089119
166	83000000	83500000	1.543537	2.796482	-2.996648
167	83500000	84000000	1.132308	2.770546	-3.083078
168	84000000	84500000	0.840395	2.873835	-2.905182
169	84500000	85000000	0.492099	2.989547	-2.769371
170	85000000	85500000	0.162701	2.969399	-2.692083
171	85500000	86000000	-0.334441	2.980269	-2.604665
172	86000000	86500000	-0.737235	2.995799	-2.476962
173	86500000	87000000	-1.125577	2.984615	-2.487414
174	87000000	87500000	-1.430513	2.933345	-2.406912
175	87500000	88000000	-1.641904	2.846358	-2.509849
176	88000000	88500000	-1.809143	2.713371	-2.625801
177	88500000	89000000	-1.764715	2.591813	-2.720330
178	89000000	89500000	-1.651558	2.365714	-2.794677
179	89500000	90000000	-1.449177	2.066544	-2.935994
180	90000000	90500000	-1.205973	1.863485	-3.063517
181	90500000	91000000	-0.839153	1.740232	-3.211548
182	91000000	91500000	-0.721671	1.596052	-3.412345
183	91500000	92000000	-0.426071	1.381004	-3.575334
184	92000000	92500000	-0.363613	1.192915	-3.806903
185	92500000	93000000	-0.079087	0.993220	-3.939794
186	93000000	93500000	0.103374	0.860899	-3.885657
187	93500000	94000000	0.325427	0.511534	-3.719392
188	94000000	94500000	0.456499	0.141332	-3.613194
189	94500000	95000000	0.715472	-0.107213	-3.466618
190	95000000	95500000	0.807319	-0.354177	-3.423566
191	95500000	96000000	1.111260	-0.719300	-3.280237
192	96000000	96500000	1.172389	-1.023051	-3.247327
193	96500000	97000000	1.367437	-1.306434	-3.250844
194	97000000	97500000	1.376505	-1.499468	-3.264852
195	97500000	98000000	1.402913	-1.748526	-3.187048
196	98000000	98500000	1.464294	-2.095063	-3.152885
197	98500000	99000000	1.504207	-2.309989	-3.042527
198	99000000	99500000	1.297885	-2.317642	-3.044895
199	99500000	100000000	1.114151	-2.203214	-3.057809
200	100000000	100500000	0.815478	-2.066567	-3.210826
201	100500000	101000000	0.493526	-1.769719	-3.447191
202	101000000	101500000	0.287795	-1.531210	-3.532070
203	101500000	102000000	-0.036949	-1.369186	-3.605789
204	102000000	102500000	-0.592276	-1.078481	-3.695585
205	102500000	103000000	-1.063560	-0.947008	-3.679882
206	103000000	103500000	-1.320540	-1.006322	-3.667967
207	103500000	104000000	-1.526309	-0.978785	-3.620797
208	104000000	104500000	-1.738568	-1.088577	-3.505541
209	104500000	105000000	-1.957564	-1.115796	-3.534771
210	105000000	105500000	-2.222122	-1.041121	-3.532601
211	105500000	106000000	-2.071529	-1.064139	-3.460985
212	106000000	106500000	-1.919231	-1.305694	-3.491544
213	106500000	107000000	-1.813655	-1.519891	-3.401480
214	107000000	107500000	-1.650221	-1.710378	-3.256501
215	107500000	108000000	-1.450698	-1.873862	-3.094095
216	108000000	108500000	-1.418530	-2.046354	-2.959718
217	108500000	109000000	-1.069036	-2.295593	-2.891301
218	109000000	109500000	-0.876060	-2.721736	-2.645042
219	109500000	110000000	-0.702012	-2.805727	-2.315003
220	110000000	110500000	-0.694654	-3.011413	-2.077769
221	110500000	111000000	-0.861546	-3.377150	-1.833464
222	111000000	111500000	-0.726633	-3.534194	-1.763532
223	111500000	112000000	-0.752034	-3.710895	-1.695157
224	112000000	112500000	-1.055528	-3.897275	-1.497519
225	112500000	113000000	-1.392104	-4.006725	-1.443187
226	113000000	113500000	-1.531927	-4.161441	-1.454389
227	113500000	114000000	-1.636818	-4.131867	-1.447162
228	114000000	114500000	-1.630163	-3.947765	-1.532541
