# Chromosome: chr15, Resolution: 500000bp
# Generated: 2026-07-31 11:30:27
bin	start	end	x	y	z
0	0	500000	0.806443	1.950030	4.084957
1	500000	1000000	1.078338	1.555738	4.166639
2	1000000	1500000	1.187743	1.183598	4.242698
3	1500000	2000000	1.185044	0.832578	4.304370
4	2000000	2500000	1.320629	0.132708	4.454691
5	2500000	3000000	1.306485	-0.543378	4.557889
6	3000000	3500000	0.939621	-0.952072	4.573315
7	3500000	4000000	0.367242	-1.011532	4.572112
8	4000000	4500000	-0.184033	-0.884280	4.554657
9	4500000	5000000	-0.574326	-0.599063	4.532695
10	5000000	5500000	-0.776348	-0.250655	4.528407
11	5500000	6000000	-0.835507	0.072777	4.548936
12	6000000	6500000	-0.834462	0.322423	4.581466
13	6500000	7000000	-0.874008	0.456419	4.593411
14	7000000	7500000	-0.922179	0.279598	4.572850
15	7500000	8000000	-1.080657	0.030503	4.511717
16	8000000	8500000	-1.409813	-0.230102	4.386545
17	8500000	9000000	-1.909091	-0.431359	4.176128
18	9000000	9500000	-2.520104	-0.519646	3.866396
19	9500000	10000000	-3.135682	-0.483278	3.461269
20	10000000	10500000	-3.647280	-0.323512	2.988650
21	10500000	11000000	-4.032543	-0.051653	2.483849
22	11000000	11500000	-4.316720	0.276241	1.953655
23	11500000	12000000	-4.497140	0.639886	1.418106
24	12000000	12500000	-4.562152	1.058141	0.904233
25	12500000	13000000	-4.487314	1.550617	0.447185
26	13000000	13500000	-4.290773	2.079637	0.107933
27	13500000	14000000	-4.036371	2.570799	-0.041846
28	14000000	14500000	-3.759794	2.958404	0.040277
29	14500000	15000000	-3.484434	3.175042	0.349722
30	15000000	15500000	-3.207221	3.202990	0.837155
31	15500000	16000000	-2.921811	3.132424	1.406392
32	16000000	16500000	-2.654664	3.058611	1.967369
33	16500000	17000000	-2.447890	3.024915	2.397856
34	17000000	17500000	-2.282986	3.120178	2.414604
35	17500000	18000000	-2.094448	3.278690	2.203723
36	18000000	18500000	-1.756565	3.540224	1.849498
37	18500000	19000000	-1.387807	3.894950	1.383708
38	19000000	19500000	-0.919932	4.050475	1.358395
39	19500000	20000000	-0.431954	4.015277	1.430639
40	20000000	20500000	0.150390	3.826697	1.592183
41	20500000	21000000	0.811461	3.573737	1.953812
42	21000000	21500000	1.435889	3.290520	2.315596
43	21500000	22000000	1.716697	3.233398	2.468165
44	22000000	22500000	1.922572	3.107600	2.346273
45	22500000	23000000	1.953501	3.230474	1.660256
46	23000000	23500000	1.893622	3.456966	0.952304
47	23500000	24000000	1.875805	3.583397	0.295118
48	24000000	24500000	1.752745	3.652818	-0.233206
49	24500000	25000000	1.604074	3.831756	-0.715660
50	25000000	25500000	1.639039	3.782611	-0.926818
51	25500000	26000000	1.667476	3.771787	-0.835391
52	26000000	26500000	1.772738	3.752278	-0.613073
53	26500000	27000000	1.790985	3.722479	-0.121170
54	27000000	27500000	1.580163	3.851428	0.310744
55	27500000	28000000	1.270419	4.001167	0.732996
56	28000000	28500000	0.893109	4.056332	1.138432
57	28500000	29000000	0.377749	4.066273	1.440487
58	29000000	29500000	-0.367307	3.933556	1.671847
59	29500000	30000000	-1.222006	3.674225	1.894348
60	30000000	30500000	-1.964065	3.343651	1.895219
61	30500000	31000000	-2.551270	2.968368	2.017605
62	31000000	31500000	-2.421529	2.631367	2.242291
63	31500000	32000000	-1.963280	2.129607	2.141601
64	32000000	32500000	-1.246068	1.681773	2.095631
65	32500000	33000000	-0.222909	1.317881	2.181301
66	33000000	33500000	0.731901	1.114242	2.028818
67	33500000	34000000	1.843670	1.014194	1.818424
68	34000000	34500000	2.833919	1.075170	1.480894
69	34500000	35000000	3.214222	1.102720	1.055116
70	35000000	35500000	3.366733	1.159643	0.898648
71	35500000	36000000	3.397034	1.325919	0.704650
72	36000000	36500000	3.335775	1.550970	0.389954
73	36500000	37000000	3.364480	1.527256	0.288960
74	37000000	37500000	3.251778	1.438306	0.173498
75	37500000	38000000	3.266270	1.227123	0.150599
76	38000000	38500000	3.227489	0.853435	0.120065
77	38500000	39000000	3.176165	0.465053	0.310259
78	39000000	39500000	3.068318	-0.194791	0.603934
79	39500000	40000000	2.973931	-0.773972	0.929884
80	40000000	40500000	2.856945	-1.193256	1.283824
81	40500000	41000000	2.735336	-1.553918	1.646796
82	41000000	41500000	2.628340	-1.866127	1.963976
83	41500000	42000000	2.611779	-2.086764	2.140250
84	42000000	42500000	2.581383	-2.213189	2.173740
85	42500000	43000000	2.718624	-2.158011	2.072109
86	43000000	43500000	2.907637	-1.965516	2.156828
87	43500000	44000000	3.141025	-1.769173	1.898800
88	44000000	44500000	3.244759	-1.316384	1.365549
89	44500000	45000000	3.223830	-0.687680	0.723572
90	45000000	45500000	3.145898	0.009397	0.168826
91	45500000	46000000	3.221589	0.689341	-0.300371
92	46000000	46500000	3.135786	1.269301	-0.741959
93	46500000	47000000	3.181906	1.496641	-1.299927
94	47000000	47500000	3.208329	1.627218	-1.532943
95	47500000	48000000	3.347933	1.620157	-1.662424
96	48000000	48500000	3.425363	1.488400	-1.721372
97	48500000	49000000	3.599833	0.984515	-1.603048
98	49000000	49500000	3.667398	0.341633	-1.414229
99	49500000	50000000	3.670913	-0.114107	-1.360722
100	50000000	50500000	3.401380	-0.400218	-1.364383
101	50500000	51000000	3.311908	-0.708007	-1.386413
102	51000000	51500000	3.228785	-0.976396	-1.442253
103	51500000	52000000	3.134672	-1.189961	-1.612235
104	52000000	52500000	3.005935	-1.016641	-1.825991
105	52500000	53000000	2.893387	-0.666479	-2.129806
106	53000000	53500000	2.902795	-0.440923	-2.350947
107	53500000	54000000	3.000773	-0.352522	-2.607642
108	54000000	54500000	2.854771	-0.159664	-2.830158
109	54500000	55000000	2.765198	-0.291700	-2.867972
110	55000000	55500000	2.754434	-0.613439	-2.681813
111	55500000	56000000	2.612555	-0.966952	-2.510211
112	56000000	56500000	2.431238	-1.319672	-2.452870
113	56500000	57000000	2.228760	-1.682275	-2.272854
114	57000000	57500000	2.068888	-2.099810	-2.091040
115	57500000	58000000	1.981911	-2.428608	-1.868264
116	58000000	58500000	1.802729	-2.531076	-1.753052
117	58500000	59000000	1.548976	-2.561111	-1.754172
118	59000000	59500000	1.458211	-2.750950	-1.787770
119	59500000	60000000	1.326891	-2.862767	-1.804532
120	60000000	60500000	1.216955	-2.975323	-1.950762
121	60500000	61000000	1.086109	-2.907505	-2.102383
122	61000000	61500000	0.935609	-2.938343	-2.072041
123	61500000	62000000	0.843400	-3.053826	-1.882578
124	62000000	62500000	0.910324	-3.271662	-1.537822
125	62500000	63000000	0.949317	-3.305281	-1.207565
126	63000000	63500000	0.945251	-3.386675	-0.790099
127	63500000	64000000	0.925988	-3.500295	-0.219483
128	64000000	64500000	0.880349	-3.591660	0.525519
129	64500000	65000000	0.879337	-3.650848	0.933810
130	65000000	65500000	0.778775	-3.680164	1.107692
131	65500000	66000000	0.599303	-3.689196	1.198728
132	66000000	66500000	0.418502	-3.716343	1.358149
133	66500000	67000000	0.243265	-3.720085	1.270235
134	67000000	67500000	0.033196	-3.716816	0.978888
135	67500000	68000000	-0.147046	-3.768451	0.564085
136	68000000	68500000	-0.378075	-3.820714	0.202799
137	68500000	69000000	-0.495552	-3.810096	0.036774
138	69000000	69500000	-0.675583	-3.823415	-0.145658
139	69500000	70000000	-0.931083	-3.793344	-0.521879
140	70000000	70500000	-1.116410	-3.787057	-0.630406
141	70500000	71000000	-1.293891	-3.795171	-0.465344
142	71000000	71500000	-1.472256	-3.730112	-0.272863
143	71500000	72000000	-1.730117	-3.566813	-0.188560
144	72000000	72500000	-1.921022	-3.490064	-0.076439
145	72500000	73000000	-2.040060	-3.361386	0.117308
146	73000000	73500000	-2.033299	-3.303205	0.593767
147	73500000	74000000	-2.043765	-3.206672	1.056853
148	74000000	74500000	-2.027088	-3.072739	1.280130
149	74500000	75000000	-1.986472	-2.877451	1.325846
150	75000000	75500000	-2.060311	-2.771203	1.535218
151	75500000	76000000	-2.214105	-2.682198	1.717131
152	76000000	76500000	-2.335101	-2.586090	1.592370
153	76500000	77000000	-2.506017	-2.462425	1.308522
154	77000000	77500000	-2.699420	-2.357144	0.969241
155	77500000	78000000	-2.859952	-2.244444	0.535293
156	78000000	78500000	-2.824823	-2.144852	0.220810
157	78500000	79000000	-2.733355	-2.082469	-0.123539
158	79000000	79500000	-2.715327	-1.946231	-0.499691
159	79500000	80000000	-2.678266	-1.756141	-0.712283
160	80000000	80500000	-2.690976	-1.513342	-0.985915
161	80500000	81000000	-2.755500	-1.352903	-1.211253
162	81000000	81500000	-2.788078	-1.255387	-1.329064
163	81500000	82000000	-2.995202	-1.178158	-1.525685
164	82000000	82500000	-2.934407	-1.100703	-1.682553
165	82500000	83000000	-3.099972	-0.939935	-1.808725
166	83000000	83500000	-2.992138	-1.048842	-1.978312
167	83500000	84000000	-2.735286	-1.137224	-2.067795
168	84000000	84500000	-2.506081	-1.064220	-2.223775
169	84500000	85000000	-2.430148	-0.712576	-2.293010
170	85000000	85500000	-2.368894	-0.307957	-2.305139
171	85500000	86000000	-2.348448	0.193685	-2.340099
172	86000000	86500000	-2.089238	0.601085	-2.390264
173	86500000	87000000	-2.152252	0.927286	-2.417407
174	87000000	87500000	-2.233593	1.028224	-2.497182
175	87500000	88000000	-2.136523	0.851754	-2.588521
176	88000000	88500000	-1.896685	0.430505	-2.664990
177	88500000	89000000	-1.666604	-0.122067	-2.720399
178	89000000	89500000	-1.526061	-0.681759	-2.910512
179	89500000	90000000	-1.408266	-1.115921	-3.127725
180	90000000	90500000	-1.312278	-1.147066	-3.236814
181	90500000	91000000	-1.212708	-1.062296	-3.370809
182	91000000	91500000	-1.156605	-0.819278	-3.367426
183	91500000	92000000	-1.206911	-0.456575	-3.390413
184	92000000	92500000	-1.333970	0.044425	-3.409786
185	92500000	93000000	-1.292077	0.415939	-3.319524
186	93000000	93500000	-1.225329	0.775525	-3.227383
187	93500000	94000000	-1.065127	1.074262	-3.239213
188	94000000	94500000	-0.944900	1.301758	-3.232840
189	94500000	95000000	-0.817239	1.567122	-3.269682
190	95000000	95500000	-0.733167	1.833794	-3.263313
191	95500000	96000000	-0.601348	2.062645	-3.253492
192	96000000	96500000	-0.566419	2.315712	-3.237195
193	96500000	97000000	-0.500984	2.318131	-3.219805
194	97000000	97500000	-0.580458	2.137240	-3.251258
195	97500000	98000000	-0.625076	1.887260	-3.291277
196	98000000	98500000	-0.666286	1.578410	-3.315741
197	98500000	99000000	-0.592307	1.396379	-3.450591
198	99000000	99500000	-0.448741	1.008948	-3.599579
199	99500000	100000000	-0.352155	0.527585	-3.718053
200	100000000	100500000	-0.221723	0.335826	-3.862453
201	100500000	101000000	-0.073961	0.219043	-3.882004
202	101000000	101500000	0.009092	0.264758	-3.876201
203	101500000	102000000	0.097355	0.397531	-3.967786
