# Chromosome: chr9, Resolution: 500000bp
# Generated: 2026-08-12 15:24:26
bin	start	end	x	y	z
0	0	500000	-2.686529	1.780682	-1.426011
1	500000	1000000	-2.715359	1.802213	-1.437473
2	1000000	1500000	-2.899324	1.808893	-1.492569
3	1500000	2000000	-3.000136	1.860080	-1.547537
4	2000000	2500000	-3.216423	1.832006	-1.525865
5	2500000	3000000	-3.303609	1.964805	-1.541807
6	3000000	3500000	-3.204890	2.179796	-1.450903
7	3500000	4000000	-3.295243	2.320847	-1.453804
8	4000000	4500000	-3.233113	2.523115	-1.451963
9	4500000	5000000	-3.072181	2.644502	-1.270760
10	5000000	5500000	-2.930502	2.645857	-1.104434
11	5500000	6000000	-2.909999	2.544158	-1.017378
12	6000000	6500000	-3.128829	2.257494	-1.021426
13	6500000	7000000	-3.360054	1.835064	-1.011845
14	7000000	7500000	-3.498316	1.382225	-0.960582
15	7500000	8000000	-3.783103	0.912872	-0.879035
16	8000000	8500000	-4.033682	0.463268	-0.889921
17	8500000	9000000	-4.218498	0.094780	-0.862220
18	9000000	9500000	-4.316254	-0.268679	-0.673873
19	9500000	10000000	-4.225971	-0.518145	-0.416070
20	10000000	10500000	-4.167090	-0.852421	-0.153091
21	10500000	11000000	-4.176774	-1.075011	0.050399
22	11000000	11500000	-4.125591	-1.178027	0.173588
23	11500000	12000000	-4.142864	-1.325675	0.232034
24	12000000	12500000	-4.212440	-1.527429	0.276893
25	12500000	13000000	-4.185517	-1.491566	0.218133
26	13000000	13500000	-4.160911	-1.324651	0.170616
27	13500000	14000000	-4.131962	-0.894966	0.060397
28	14000000	14500000	-4.163989	-0.430356	-0.005254
29	14500000	15000000	-4.154348	-0.191118	-0.019020
30	15000000	15500000	-4.142406	0.081218	0.020804
31	15500000	16000000	-4.126435	0.268060	0.189477
32	16000000	16500000	-4.105335	0.380688	0.260255
33	16500000	17000000	-4.151302	0.579464	0.356061
34	17000000	17500000	-4.162776	0.639472	0.426640
35	17500000	18000000	-4.001814	0.704170	0.451830
36	18000000	18500000	-3.989738	0.786062	0.658402
37	18500000	19000000	-3.843331	0.976456	0.750250
38	19000000	19500000	-3.592328	1.344206	0.638762
39	19500000	20000000	-3.571868	1.605202	0.640347
40	20000000	20500000	-3.428724	1.533960	0.618200
41	20500000	21000000	-3.401511	1.426256	0.712219
42	21000000	21500000	-3.514246	1.091399	0.943591
43	21500000	22000000	-3.447394	0.782100	0.990182
44	22000000	22500000	-3.438861	0.370435	1.121287
45	22500000	23000000	-3.581438	-0.128646	1.409923
46	23000000	23500000	-3.549758	-0.553685	1.624948
47	23500000	24000000	-3.619280	-0.861222	1.850622
48	24000000	24500000	-3.545753	-1.137976	1.869677
49	24500000	25000000	-3.512144	-1.212036	1.944797
50	25000000	25500000	-3.456889	-0.990042	1.875267
51	25500000	26000000	-3.396792	-0.700813	1.820859
52	26000000	26500000	-3.322243	-0.278354	1.736472
53	26500000	27000000	-3.279784	-0.016113	1.717380
54	27000000	27500000	-3.185914	0.300756	1.770379
55	27500000	28000000	-3.162199	0.561661	1.837267
56	28000000	28500000	-3.003731	0.740134	1.802588
57	28500000	29000000	-3.008520	0.757180	2.089090
58	29000000	29500000	-3.012881	0.806463	2.407369
59	29500000	30000000	-3.029802	0.775340	2.542701
60	30000000	30500000	-3.027243	0.947460	2.593077
61	30500000	31000000	-2.993562	1.199106	2.466893
62	31000000	31500000	-2.868419	1.544964	2.330058
63	31500000	32000000	-2.766393	2.000610	2.083940
64	32000000	32500000	-2.535363	2.365940	1.684975
65	32500000	33000000	-2.303366	2.768106	1.224059
66	33000000	33500000	-1.996629	3.189974	0.944776
67	33500000	34000000	-1.644270	3.560294	0.754909
68	34000000	34500000	-1.370502	3.803087	0.540015
69	34500000	35000000	-1.167813	4.094919	0.370361
70	35000000	35500000	-1.050778	4.116451	0.277517
71	35500000	36000000	-1.037064	4.172357	0.166474
72	36000000	36500000	-1.060019	4.056081	0.070504
73	36500000	37000000	-1.143145	3.834250	-0.116609
74	37000000	37500000	-1.343258	3.691684	0.031259
75	37500000	38000000	-1.499896	2.936771	0.648006
76	38000000	38500000	-1.633635	1.989174	1.339410
77	38500000	39000000	-1.662223	0.994848	2.004819
78	39000000	39500000	-1.767586	-0.164443	2.407816
79	39500000	40000000	-1.804453	-1.213108	2.855316
80	40000000	40500000	-1.858338	-2.130569	3.441385
81	40500000	41000000	-1.911126	-3.033824	3.622168
82	41000000	41500000	-1.939973	-3.534914	3.208538
83	41500000	42000000	-1.890827	-3.944049	2.796084
84	42000000	42500000	-1.260795	-3.981930	2.621671
85	42500000	43000000	-0.426250	-3.803136	2.681134
86	43000000	43500000	0.445710	-3.613230	2.609474
87	43500000	44000000	1.319189	-3.538049	2.405723
88	44000000	44500000	2.185241	-3.667236	2.230382
89	44500000	45000000	2.874517	-3.539019	2.400977
90	45000000	45500000	3.370545	-3.303259	2.679590
91	45500000	46000000	3.206973	-3.239001	2.827461
92	46000000	46500000	2.886477	-3.126938	3.092823
93	46500000	47000000	2.443160	-2.868213	3.501515
94	47000000	47500000	1.972922	-2.431822	3.973094
95	47500000	48000000	1.534158	-1.823670	4.438213
96	48000000	48500000	1.169315	-1.119798	4.803036
97	48500000	49000000	0.893264	-0.389118	5.017294
98	49000000	49500000	0.684589	0.367026	5.112356
99	49500000	50000000	0.589532	1.090651	5.093293
100	50000000	50500000	0.610853	1.629166	5.009922
101	50500000	51000000	0.737716	1.947200	4.927917
102	51000000	51500000	0.966377	2.086477	4.850578
103	51500000	52000000	1.275550	2.058185	4.775584
104	52000000	52500000	1.645266	1.860019	4.700133
105	52500000	53000000	2.057865	1.490326	4.624125
106	53000000	53500000	2.483599	0.979236	4.525001
107	53500000	54000000	2.901578	0.401735	4.343749
108	54000000	54500000	3.237102	-0.122540	4.137753
109	54500000	55000000	3.426180	-0.571220	4.003073
110	55000000	55500000	3.479412	-0.903288	3.943381
111	55500000	56000000	3.375232	-1.118007	3.966083
112	56000000	56500000	2.911041	-1.237869	4.105538
113	56500000	57000000	2.304758	-1.322937	4.309388
114	57000000	57500000	1.652220	-1.415058	4.568153
115	57500000	58000000	1.069287	-1.556417	4.780357
116	58000000	58500000	0.632531	-1.763199	4.852524
117	58500000	59000000	0.298151	-2.076001	4.795006
118	59000000	59500000	0.016002	-2.505034	4.602477
119	59500000	60000000	0.002127	-3.024968	4.283495
120	60000000	60500000	0.053074	-3.537554	3.879191
121	60500000	61000000	0.243909	-3.953123	3.516714
122	61000000	61500000	0.462643	-4.245730	3.130011
123	61500000	62000000	0.706549	-4.489978	2.773054
124	62000000	62500000	0.789198	-4.706134	2.400665
125	62500000	63000000	0.777586	-4.863984	2.076344
126	63000000	63500000	0.602617	-4.162191	2.387786
127	63500000	64000000	0.424695	-3.295205	2.766208
128	64000000	64500000	0.119593	-2.268750	3.095128
129	64500000	65000000	-0.215422	-1.160209	3.442763
130	65000000	65500000	-0.545431	0.069927	3.745296
131	65500000	66000000	-0.690813	1.418943	4.070722
132	66000000	66500000	-0.707095	2.814599	4.376293
133	66500000	67000000	-0.968077	2.464915	3.080189
134	67000000	67500000	-1.033503	2.328966	1.825287
135	67500000	68000000	-1.066775	1.958292	0.715842
136	68000000	68500000	-1.214595	1.375453	-0.394564
137	68500000	69000000	-1.405941	0.686368	-1.469900
138	69000000	69500000	-1.593125	-0.121570	-2.339640
139	69500000	70000000	-1.838322	-1.201201	-3.149188
140	70000000	70500000	-1.712540	-1.221398	-2.994512
141	70500000	71000000	-1.790101	-1.516732	-2.915758
142	71000000	71500000	-1.826095	-1.787314	-2.811386
143	71500000	72000000	-1.846375	-2.137460	-2.582019
144	72000000	72500000	-1.872940	-2.554084	-2.276582
145	72500000	73000000	-1.914667	-2.825529	-2.134859
146	73000000	73500000	-1.810926	-2.812018	-2.015377
147	73500000	74000000	-1.624791	-2.785370	-1.933791
148	74000000	74500000	-1.468552	-2.942688	-1.751612
149	74500000	75000000	-1.353586	-2.874302	-1.817463
150	75000000	75500000	-1.172689	-2.624807	-2.012737
151	75500000	76000000	-1.136958	-2.434706	-2.291484
152	76000000	76500000	-0.934203	-2.380457	-2.515518
153	76500000	77000000	-0.893559	-2.290364	-2.671613
154	77000000	77500000	-0.832969	-2.450602	-2.714804
155	77500000	78000000	-0.666810	-2.549410	-2.797618
156	78000000	78500000	-0.584075	-2.737521	-2.717562
157	78500000	79000000	-0.549257	-3.108062	-2.496511
158	79000000	79500000	-0.368017	-3.267266	-2.253422
159	79500000	80000000	-0.412691	-3.440015	-1.975015
160	80000000	80500000	-0.346018	-3.684330	-1.784790
161	80500000	81000000	-0.255850	-3.881321	-1.590639
162	81000000	81500000	-0.334555	-3.910794	-1.491282
163	81500000	82000000	-0.371215	-3.827591	-1.594171
164	82000000	82500000	-0.460546	-3.314630	-1.994307
165	82500000	83000000	-0.479223	-2.929763	-2.340405
166	83000000	83500000	-0.422895	-2.396896	-2.673626
167	83500000	84000000	-0.368474	-1.953906	-3.035754
168	84000000	84500000	-0.454168	-1.254775	-3.471899
169	84500000	85000000	-0.345842	-0.676103	-3.694515
170	85000000	85500000	-0.254844	-0.345924	-3.780696
171	85500000	86000000	-0.146486	-0.194333	-3.664195
172	86000000	86500000	-0.064674	-0.010581	-3.608566
173	86500000	87000000	0.009419	0.020865	-3.695773
174	87000000	87500000	0.108230	0.108025	-3.681119
175	87500000	88000000	0.125675	0.281007	-3.688266
176	88000000	88500000	0.267269	0.447839	-3.692258
177	88500000	89000000	0.356064	0.666288	-3.785135
178	89000000	89500000	0.449400	0.867717	-3.742831
179	89500000	90000000	0.496054	1.117270	-3.762127
180	90000000	90500000	0.575031	1.389757	-3.630299
181	90500000	91000000	0.588230	1.823087	-3.528924
182	91000000	91500000	0.811270	1.971768	-3.251016
183	91500000	92000000	0.865340	2.199488	-3.184854
184	92000000	92500000	0.922391	2.387583	-2.993790
185	92500000	93000000	0.960999	2.733057	-2.892722
186	93000000	93500000	1.047595	2.873005	-2.661321
187	93500000	94000000	1.010003	3.141133	-2.616427
188	94000000	94500000	0.915253	3.162843	-2.649823
189	94500000	95000000	0.925012	3.147493	-2.781112
190	95000000	95500000	0.701534	3.139886	-2.908372
191	95500000	96000000	0.504713	3.185040	-3.082147
192	96000000	96500000	0.581988	2.826206	-3.102534
193	96500000	97000000	0.605741	2.679440	-3.121314
194	97000000	97500000	0.717789	2.317878	-3.108039
195	97500000	98000000	0.973695	2.078378	-3.211077
196	98000000	98500000	1.040677	1.790839	-3.372799
197	98500000	99000000	1.232398	1.304497	-3.443776
198	99000000	99500000	1.382436	0.604430	-3.355900
199	99500000	100000000	1.374324	-0.069091	-3.545462
200	100000000	100500000	1.322060	-0.676380	-3.535594
201	100500000	101000000	1.264084	-1.281616	-3.449470
202	101000000	101500000	1.175681	-1.880756	-3.094811
203	101500000	102000000	1.140540	-2.501543	-2.671812
204	102000000	102500000	1.156592	-2.880929	-2.340317
205	102500000	103000000	1.287515	-3.124343	-2.117254
206	103000000	103500000	1.320093	-2.997042	-1.931049
207	103500000	104000000	1.414838	-2.857329	-1.949134
208	104000000	104500000	1.606917	-2.709295	-2.093147
209	104500000	105000000	1.768354	-2.744877	-2.223203
210	105000000	105500000	1.851968	-2.533102	-2.393297
211	105500000	106000000	1.854128	-2.247935	-2.481701
212	106000000	106500000	1.830679	-1.966937	-2.610208
213	106500000	107000000	1.907360	-1.920874	-2.566829
214	107000000	107500000	2.062674	-1.896813	-2.621231
215	107500000	108000000	2.061205	-1.667452	-2.603240
216	108000000	108500000	2.192303	-1.374912	-2.625851
217	108500000	109000000	2.300269	-1.080046	-2.645518
218	109000000	109500000	2.475874	-0.951870	-2.656930
219	109500000	110000000	2.756277	-0.793699	-2.622612
220	110000000	110500000	2.867075	-0.424433	-2.652487
221	110500000	111000000	2.925219	-0.080589	-2.615127
222	111000000	111500000	2.988681	0.064147	-2.528557
223	111500000	112000000	2.918306	0.291155	-2.442999
224	112000000	112500000	2.900538	0.370967	-2.326955
225	112500000	113000000	3.022073	0.356505	-2.206366
226	113000000	113500000	3.006094	0.251903	-2.116964
227	113500000	114000000	2.990477	0.012064	-1.970252
228	114000000	114500000	3.024871	-0.455881	-1.812125
229	114500000	115000000	3.099796	-0.816796	-1.651155
230	115000000	115500000	3.129948	-1.096922	-1.590494
231	115500000	116000000	3.118995	-1.403449	-1.508706
232	116000000	116500000	2.974925	-1.657637	-1.420427
233	116500000	117000000	2.895944	-1.806284	-1.288041
234	117000000	117500000	2.887647	-2.047607	-1.169227
235	117500000	118000000	2.834824	-2.137347	-1.083305
236	118000000	118500000	2.840501	-2.116574	-0.990703
237	118500000	119000000	2.873978	-2.040752	-0.894599
238	119000000	119500000	2.971395	-1.619516	-0.925176
239	119500000	120000000	2.949293	-1.105901	-0.938371
240	120000000	120500000	2.998396	-0.616655	-0.951887
241	120500000	121000000	3.100251	-0.090630	-1.018405
242	121000000	121500000	3.291769	0.338347	-1.031867
243	121500000	122000000	3.381414	0.903084	-1.151438
244	122000000	122500000	3.401839	1.477691	-1.257659
245	122500000	123000000	3.296844	1.737759	-1.227481
246	123000000	123500000	3.283179	2.103928	-1.128462
247	123500000	124000000	3.154218	2.511463	-1.108310
248	124000000	124500000	2.987067	2.993362	-0.997561
249	124500000	125000000	2.748533	3.441799	-0.964737
250	125000000	125500000	2.540645	3.660112	-0.783391
251	125500000	126000000	2.396021	3.839855	-0.446736
252	126000000	126500000	2.394296	3.997836	-0.142768
253	126500000	127000000	2.424491	3.981284	0.176528
254	127000000	127500000	2.438931	3.930423	0.650465
255	127500000	128000000	2.543432	3.783469	1.036499
256	128000000	128500000	2.569937	3.779990	1.304984
257	128500000	129000000	2.665920	3.719443	1.546900
258	129000000	129500000	2.812756	3.558777	1.596841
259	129500000	130000000	2.929145	3.432196	1.589960
260	130000000	130500000	3.102420	3.262197	1.458725
261	130500000	131000000	3.267345	3.117709	1.201606
262	131000000	131500000	3.379624	2.970157	1.041302
263	131500000	132000000	3.557335	2.773527	1.084839
264	132000000	132500000	3.662472	2.628395	0.986793
265	132500000	133000000	3.762160	2.481528	0.968126
266	133000000	133500000	3.909277	2.201804	0.943839
267	133500000	134000000	3.972821	2.026312	0.966618
268	134000000	134500000	4.055595	1.907529	1.048947
269	134500000	135000000	4.082263	1.881264	1.173797
270	135000000	135500000	4.075106	1.830503	1.260968
271	135500000	136000000	4.064209	1.755345	1.525588
272	136000000	136500000	4.066212	1.607298	1.602208
273	136500000	137000000	4.108884	1.472334	1.739157
274	137000000	137500000	4.105961	1.448640	1.877648
275	137500000	138000000	4.086515	1.357957	2.001381
276	138000000	138500000	4.176279	1.130913	1.986054
