# Chromosome: chr9, Resolution: 500000bp
# Generated: 2026-08-12 15:24:41
bin	start	end	x	y	z
0	0	500000	-1.299359	2.450977	-1.295260
1	500000	1000000	-1.207633	2.427733	-1.369400
2	1000000	1500000	-1.132173	2.604674	-1.375368
3	1500000	2000000	-1.132984	2.778349	-1.357456
4	2000000	2500000	-1.003753	2.947000	-1.408460
5	2500000	3000000	-1.033515	3.118107	-1.423784
6	3000000	3500000	-1.085073	3.132286	-1.330932
7	3500000	4000000	-1.161464	3.271336	-1.357516
8	4000000	4500000	-1.313045	3.431017	-1.229460
9	4500000	5000000	-1.484004	3.311850	-1.250513
10	5000000	5500000	-1.519762	3.087539	-1.343430
11	5500000	6000000	-1.523850	2.975900	-1.489522
12	6000000	6500000	-1.369081	3.126461	-1.519496
13	6500000	7000000	-1.059314	3.256719	-1.571123
14	7000000	7500000	-0.751262	3.179963	-1.674207
15	7500000	8000000	-0.356634	3.217255	-1.788652
16	8000000	8500000	0.012063	3.374962	-1.810249
17	8500000	9000000	0.340246	3.489355	-1.812677
18	9000000	9500000	0.673146	3.486602	-1.737106
19	9500000	10000000	0.988690	3.273257	-1.762255
20	10000000	10500000	1.292623	3.197409	-1.718374
21	10500000	11000000	1.432843	3.226761	-1.669065
22	11000000	11500000	1.492530	3.164363	-1.704648
23	11500000	12000000	1.710640	3.129248	-1.723867
24	12000000	12500000	1.881525	3.186071	-1.620080
25	12500000	13000000	1.866806	3.121346	-1.679292
26	13000000	13500000	1.638525	3.149693	-1.789005
27	13500000	14000000	1.325142	3.122262	-1.946678
28	14000000	14500000	1.264333	3.097000	-2.148214
29	14500000	15000000	1.241835	2.924043	-2.188681
30	15000000	15500000	1.263894	2.748581	-2.237960
31	15500000	16000000	1.264451	2.588983	-2.429331
32	16000000	16500000	1.247285	2.554490	-2.531828
33	16500000	17000000	1.329787	2.481348	-2.594577
34	17000000	17500000	1.321139	2.335194	-2.676819
35	17500000	18000000	1.030760	2.181095	-2.673677
36	18000000	18500000	0.912778	2.257306	-2.873232
37	18500000	19000000	0.542832	2.216350	-2.997561
38	19000000	19500000	0.055616	2.132438	-2.997210
39	19500000	20000000	-0.244377	2.186484	-3.009482
40	20000000	20500000	-0.331797	2.114428	-2.959964
41	20500000	21000000	-0.096804	2.071399	-2.978951
42	21000000	21500000	0.437222	1.965377	-2.991556
43	21500000	22000000	0.708278	1.789391	-2.946788
44	22000000	22500000	1.046121	1.649671	-2.959509
45	22500000	23000000	1.661724	1.539419	-3.014928
46	23000000	23500000	2.223988	1.340554	-2.993940
47	23500000	24000000	2.591058	1.316819	-3.010101
48	24000000	24500000	2.675983	1.239618	-2.973543
49	24500000	25000000	2.623881	1.260786	-3.059275
50	25000000	25500000	2.358735	1.294914	-3.078891
51	25500000	26000000	2.055358	1.323879	-3.115766
52	26000000	26500000	1.637426	1.380799	-3.273177
53	26500000	27000000	1.303279	1.442964	-3.413250
54	27000000	27500000	1.022973	1.332002	-3.606159
55	27500000	28000000	0.815322	1.260569	-3.704301
56	28000000	28500000	0.595646	1.156633	-3.736301
57	28500000	29000000	0.658808	1.032931	-3.924822
58	29000000	29500000	0.759515	0.942290	-4.142130
59	29500000	30000000	0.624669	0.929036	-4.159587
60	30000000	30500000	0.454410	0.871768	-4.233646
61	30500000	31000000	0.120777	0.984307	-4.203706
62	31000000	31500000	-0.215470	1.036902	-4.153326
63	31500000	32000000	-0.777337	1.154006	-3.998569
64	32000000	32500000	-1.322044	1.303381	-3.582793
65	32500000	33000000	-1.879378	1.563523	-3.023603
66	33000000	33500000	-2.240778	1.771488	-2.549543
67	33500000	34000000	-2.667658	2.019148	-2.043343
68	34000000	34500000	-2.999848	2.100325	-1.551592
69	34500000	35000000	-3.333257	2.276525	-1.219983
70	35000000	35500000	-3.384264	2.253155	-1.065955
71	35500000	36000000	-3.471520	2.204459	-1.021075
72	36000000	36500000	-3.428053	2.067137	-1.213243
73	36500000	37000000	-3.279672	1.855281	-1.456884
74	37000000	37500000	-3.132823	1.612275	-1.879903
75	37500000	38000000	-2.024190	1.641845	-1.862207
76	38000000	38500000	-0.807924	1.526987	-1.685232
77	38500000	39000000	0.407368	1.452396	-1.389763
78	39000000	39500000	1.586995	1.273898	-1.237341
79	39500000	40000000	2.685445	1.151966	-1.048347
80	40000000	40500000	3.731826	1.080196	-0.859500
81	40500000	41000000	4.704894	0.866742	-0.631983
82	41000000	41500000	4.783185	0.393529	-0.785557
83	41500000	42000000	4.819962	0.028162	-0.926691
84	42000000	42500000	4.137411	0.461613	-0.517016
85	42500000	43000000	3.544757	1.006504	0.006245
86	43000000	43500000	3.032807	1.486946	0.600285
87	43500000	44000000	2.576311	1.926069	1.196841
88	44000000	44500000	2.258365	2.460113	1.946484
89	44500000	45000000	1.926660	3.010714	2.636699
90	45000000	45500000	1.602096	3.478256	3.258924
91	45500000	46000000	1.975336	3.136782	3.342575
92	46000000	46500000	2.280380	2.755343	3.469156
93	46500000	47000000	2.398346	2.384762	3.671098
94	47000000	47500000	2.370689	1.998229	3.934669
95	47500000	48000000	2.266279	1.585623	4.203646
96	48000000	48500000	2.120281	1.162305	4.439183
97	48500000	49000000	1.930310	0.816198	4.643850
98	49000000	49500000	1.671828	0.924718	4.730115
99	49500000	50000000	1.432947	1.165164	4.717023
100	50000000	50500000	1.208614	1.635050	4.411549
101	50500000	51000000	0.978967	2.168966	4.030451
102	51000000	51500000	0.683684	2.798130	3.596486
103	51500000	52000000	0.405091	3.533458	3.125449
104	52000000	52500000	0.400631	4.244076	2.643180
105	52500000	53000000	0.556497	4.535367	2.259415
106	53000000	53500000	0.871610	4.573260	2.016270
107	53500000	54000000	1.349867	4.215520	2.055616
108	54000000	54500000	1.934821	3.727133	2.140057
109	54500000	55000000	2.631197	3.140778	2.246084
110	55000000	55500000	3.327093	2.454086	2.373335
111	55500000	56000000	3.746323	1.689674	2.524535
112	56000000	56500000	3.992599	0.813674	2.712613
113	56500000	57000000	4.037523	0.037749	2.862373
114	57000000	57500000	3.907969	-0.573053	3.047752
115	57500000	58000000	3.663236	-1.030265	3.292130
116	58000000	58500000	3.387420	-1.331509	3.560278
117	58500000	59000000	3.165348	-1.452661	3.797674
118	59000000	59500000	3.032281	-1.430269	3.947071
119	59500000	60000000	3.011180	-1.272732	3.998495
120	60000000	60500000	3.119439	-1.273782	3.785932
121	60500000	61000000	3.364809	-1.211563	3.498088
122	61000000	61500000	3.703658	-1.076566	3.037225
123	61500000	62000000	4.094496	-1.034826	2.524050
124	62000000	62500000	4.371860	-1.190039	1.953540
125	62500000	63000000	4.533549	-1.478646	1.422451
126	63000000	63500000	4.672678	-1.715743	1.043593
127	63500000	64000000	4.763365	-1.358370	0.931779
128	64000000	64500000	4.752866	-0.844946	0.835229
129	64500000	65000000	4.690162	-0.381660	0.884969
130	65000000	65500000	4.466586	0.232185	0.968742
131	65500000	66000000	4.275684	0.983935	1.110181
132	66000000	66500000	4.191929	1.788761	1.244627
133	66500000	67000000	4.092152	1.832867	0.893923
134	67000000	67500000	3.173993	1.527147	0.279499
135	67500000	68000000	2.356343	1.081379	-0.239927
136	68000000	68500000	1.639497	0.505862	-0.879472
137	68500000	69000000	1.039080	-0.235997	-1.578417
138	69000000	69500000	0.595493	-0.987497	-2.146953
139	69500000	70000000	0.159196	-1.735165	-2.771346
140	70000000	70500000	-0.461965	-1.768875	-2.982418
141	70500000	71000000	-0.236656	-1.857673	-2.997626
142	71000000	71500000	-0.126671	-1.984222	-3.118811
143	71500000	72000000	0.183058	-2.034651	-3.122764
144	72000000	72500000	0.633390	-2.079844	-3.024637
145	72500000	73000000	0.833648	-2.165199	-2.955698
146	73000000	73500000	0.858218	-2.187894	-2.814265
147	73500000	74000000	1.029657	-2.193703	-2.605230
148	74000000	74500000	1.146352	-2.198676	-2.453552
149	74500000	75000000	1.200345	-2.231017	-2.277305
150	75000000	75500000	1.000563	-2.391762	-2.124162
151	75500000	76000000	0.589790	-2.567798	-2.143866
152	76000000	76500000	0.397136	-2.647430	-2.212734
153	76500000	77000000	0.252693	-2.720038	-2.149182
154	77000000	77500000	0.272104	-2.844860	-2.175255
155	77500000	78000000	0.301507	-2.993610	-2.149816
156	78000000	78500000	0.259069	-3.055954	-2.230475
157	78500000	79000000	0.505320	-3.025605	-2.372453
158	79000000	79500000	0.833151	-2.953528	-2.223606
159	79500000	80000000	1.007620	-3.007520	-2.100816
160	80000000	80500000	1.245738	-3.048016	-2.162078
161	80500000	81000000	1.467946	-3.079314	-2.166181
162	81000000	81500000	1.438635	-3.085618	-2.212560
163	81500000	82000000	1.360434	-3.116375	-2.106067
164	82000000	82500000	0.872716	-3.174908	-2.010620
165	82500000	83000000	0.291660	-3.108374	-2.095020
166	83000000	83500000	-0.253986	-2.951108	-2.130817
167	83500000	84000000	-0.802094	-2.835515	-2.073176
168	84000000	84500000	-1.523708	-2.737019	-2.093131
169	84500000	85000000	-1.941439	-2.505654	-1.978810
170	85000000	85500000	-2.061670	-2.394812	-1.947520
171	85500000	86000000	-2.165919	-2.192618	-1.859740
172	86000000	86500000	-2.187557	-2.100384	-1.674950
173	86500000	87000000	-2.272051	-2.057718	-1.626058
174	87000000	87500000	-2.289608	-2.064031	-1.529370
175	87500000	88000000	-2.467920	-1.865297	-1.484278
176	88000000	88500000	-2.632887	-1.764085	-1.365379
177	88500000	89000000	-2.884977	-1.608711	-1.341062
178	89000000	89500000	-2.985685	-1.622539	-1.225631
179	89500000	90000000	-3.216189	-1.483591	-1.225758
180	90000000	90500000	-3.315445	-1.339508	-1.040719
181	90500000	91000000	-3.555257	-1.153496	-0.897395
182	91000000	91500000	-3.499882	-1.119525	-0.607813
183	91500000	92000000	-3.616348	-1.061503	-0.487849
184	92000000	92500000	-3.633505	-1.039899	-0.229211
185	92500000	93000000	-3.861360	-0.809941	-0.114056
186	93000000	93500000	-3.845345	-0.775352	0.055821
187	93500000	94000000	-3.952311	-0.779399	0.197577
188	94000000	94500000	-3.967978	-0.855754	0.265266
189	94500000	95000000	-4.020961	-0.883744	0.307519
190	95000000	95500000	-4.054812	-1.036514	0.435970
191	95500000	96000000	-4.097097	-1.221856	0.552973
192	96000000	96500000	-3.830649	-1.357653	0.638769
193	96500000	97000000	-3.661908	-1.531184	0.686195
194	97000000	97500000	-3.421812	-1.664860	0.634866
195	97500000	98000000	-3.309637	-1.916815	0.580372
196	98000000	98500000	-3.231694	-2.202978	0.520568
197	98500000	99000000	-2.937772	-2.389919	0.269940
198	99000000	99500000	-2.542351	-2.568451	-0.008074
199	99500000	100000000	-1.821995	-2.922001	-0.017094
200	100000000	100500000	-1.379562	-3.122206	-0.155122
201	100500000	101000000	-0.895473	-3.392124	-0.227063
202	101000000	101500000	-0.266348	-3.460767	-0.249349
203	101500000	102000000	0.434938	-3.555368	-0.333470
204	102000000	102500000	0.983548	-3.585764	-0.307725
205	102500000	103000000	1.421436	-3.603231	-0.239058
206	103000000	103500000	1.091675	-3.578148	-0.359649
207	103500000	104000000	0.936137	-3.630831	-0.315071
208	104000000	104500000	0.779144	-3.706911	-0.243586
209	104500000	105000000	0.815145	-3.747131	-0.107090
210	105000000	105500000	0.648220	-3.757806	-0.008174
211	105500000	106000000	0.319917	-3.748653	0.068926
212	106000000	106500000	0.008189	-3.707655	0.141854
213	106500000	107000000	0.022906	-3.689929	0.238018
214	107000000	107500000	-0.009418	-3.662287	0.341099
215	107500000	108000000	-0.158522	-3.531336	0.400810
216	108000000	108500000	-0.523313	-3.535986	0.514336
217	108500000	109000000	-0.760200	-3.450283	0.648292
218	109000000	109500000	-0.868061	-3.384488	0.818698
219	109500000	110000000	-1.009402	-3.374905	1.029568
220	110000000	110500000	-1.298180	-3.292756	1.175498
221	110500000	111000000	-1.469555	-3.201927	1.374486
222	111000000	111500000	-1.539500	-3.092316	1.432020
223	111500000	112000000	-1.635609	-2.868263	1.442412
224	112000000	112500000	-1.735420	-2.697828	1.421387
225	112500000	113000000	-1.696587	-2.636394	1.480252
226	113000000	113500000	-1.537843	-2.582443	1.536296
227	113500000	114000000	-1.307625	-2.520870	1.468854
228	114000000	114500000	-0.919714	-2.598932	1.465748
229	114500000	115000000	-0.574176	-2.711156	1.555910
230	115000000	115500000	-0.309304	-2.815174	1.583899
231	115500000	116000000	-0.044667	-2.911982	1.668076
232	116000000	116500000	0.197971	-2.941826	1.658251
233	116500000	117000000	0.406080	-2.960722	1.554243
234	117000000	117500000	0.623395	-3.041172	1.608529
235	117500000	118000000	0.628474	-3.022546	1.681107
236	118000000	118500000	0.653236	-2.954872	1.710107
237	118500000	119000000	0.602116	-2.851930	1.757829
238	119000000	119500000	0.281998	-2.690705	1.770393
239	119500000	120000000	-0.065575	-2.478565	1.804879
240	120000000	120500000	-0.507601	-2.215485	1.921000
241	120500000	121000000	-0.892943	-2.009281	2.101788
242	121000000	121500000	-1.134397	-1.825918	2.240359
243	121500000	122000000	-1.508790	-1.695263	2.462551
244	122000000	122500000	-1.629795	-1.546216	2.759783
245	122500000	123000000	-1.629070	-1.484354	2.940593
246	123000000	123500000	-1.628051	-1.436259	3.249978
247	123500000	124000000	-1.658910	-1.376527	3.525685
248	124000000	124500000	-1.589501	-1.218015	3.772939
249	124500000	125000000	-1.813483	-1.037598	3.709602
250	125000000	125500000	-1.935013	-0.808941	3.698264
251	125500000	126000000	-2.255726	-0.270099	3.419705
252	126000000	126500000	-2.179224	0.226948	3.469437
253	126500000	127000000	-2.103558	0.463390	3.491334
254	127000000	127500000	-1.967620	0.825701	3.512993
255	127500000	128000000	-2.017605	1.133636	3.505794
256	128000000	128500000	-1.915437	1.387330	3.577070
257	128500000	129000000	-1.822438	1.641993	3.622164
258	129000000	129500000	-1.637439	1.432223	3.865380
259	129500000	130000000	-1.772005	1.236484	3.867793
260	130000000	130500000	-1.986545	1.261181	3.783245
261	130500000	131000000	-2.196536	1.203691	3.620288
262	131000000	131500000	-2.347701	1.144846	3.500023
263	131500000	132000000	-2.461375	1.239391	3.470894
264	132000000	132500000	-2.649817	1.184602	3.328975
265	132500000	133000000	-2.777289	1.310977	3.221885
266	133000000	133500000	-2.851497	1.357142	3.166812
267	133500000	134000000	-2.877459	1.249163	3.113179
268	134000000	134500000	-2.988000	1.286276	3.061785
269	134500000	135000000	-3.104064	1.408061	2.949669
270	135000000	135500000	-3.107576	1.530799	2.921389
271	135500000	136000000	-3.061862	1.807602	2.892713
272	136000000	136500000	-3.167139	1.759425	2.774074
273	136500000	137000000	-3.041567	2.107456	2.715615
274	137000000	137500000	-3.033701	2.416632	2.642399
275	137500000	138000000	-2.980585	2.576655	2.607982
276	138000000	138500000	-2.901562	2.692520	2.595646
