# Chromosome: chr11, Resolution: 500000bp
# Generated: 2026-07-31 11:29:20
bin	start	end	x	y	z
0	0	500000	-2.974983	3.069401	-2.970783
1	500000	1000000	-3.112873	2.996256	-2.805671
2	1000000	1500000	-3.276480	2.964089	-2.565073
3	1500000	2000000	-3.376785	2.875705	-2.404649
4	2000000	2500000	-3.531914	2.618227	-2.265700
5	2500000	3000000	-3.655915	2.315409	-2.083295
6	3000000	3500000	-3.716109	2.002544	-1.951262
7	3500000	4000000	-3.779436	1.451148	-1.838964
8	4000000	4500000	-3.756180	1.127251	-1.760104
9	4500000	5000000	-3.776415	0.828783	-1.813374
10	5000000	5500000	-3.886332	0.576570	-1.723402
11	5500000	6000000	-3.990874	0.322313	-1.577802
12	6000000	6500000	-4.178780	0.306170	-1.277262
13	6500000	7000000	-4.272437	0.185516	-1.006640
14	7000000	7500000	-4.291445	0.271465	-1.046847
15	7500000	8000000	-4.328609	0.381142	-1.150767
16	8000000	8500000	-4.193331	0.266755	-1.236621
17	8500000	9000000	-4.102581	0.250788	-1.277582
18	9000000	9500000	-3.985753	0.182594	-1.545171
19	9500000	10000000	-3.798732	0.087190	-1.595661
20	10000000	10500000	-3.766787	0.144587	-1.627802
21	10500000	11000000	-3.735146	0.098554	-1.437306
22	11000000	11500000	-3.861930	-0.283104	-1.102910
23	11500000	12000000	-4.009774	-0.447907	-0.744427
24	12000000	12500000	-3.934993	-0.807357	-0.560635
25	12500000	13000000	-3.898281	-1.070883	-0.241661
26	13000000	13500000	-3.923362	-1.469856	0.086181
27	13500000	14000000	-3.929630	-1.861721	0.343658
28	14000000	14500000	-3.913044	-2.170800	0.385615
29	14500000	15000000	-3.865020	-2.265311	0.563516
30	15000000	15500000	-3.800677	-2.406135	0.449905
31	15500000	16000000	-3.853497	-2.301360	0.275649
32	16000000	16500000	-3.861532	-2.181417	0.059791
33	16500000	17000000	-3.803924	-1.967723	-0.446797
34	17000000	17500000	-3.604856	-1.802948	-0.826179
35	17500000	18000000	-3.517030	-1.730425	-1.046210
36	18000000	18500000	-3.367609	-1.707648	-1.513170
37	18500000	19000000	-3.256369	-1.751615	-1.630859
38	19000000	19500000	-3.048649	-2.029719	-1.596781
39	19500000	20000000	-2.926903	-2.359169	-1.489358
40	20000000	20500000	-2.820307	-2.694051	-1.180507
41	20500000	21000000	-2.837070	-3.017628	-0.796413
42	21000000	21500000	-2.759927	-3.163524	-0.402083
43	21500000	22000000	-2.620461	-3.446814	-0.106183
44	22000000	22500000	-2.475372	-3.674642	0.162488
45	22500000	23000000	-2.388250	-3.829035	0.375419
46	23000000	23500000	-2.256297	-3.922419	0.663583
47	23500000	24000000	-2.098023	-4.053563	0.822630
48	24000000	24500000	-1.918503	-4.114144	0.708420
49	24500000	25000000	-1.774280	-4.209406	0.537636
50	25000000	25500000	-1.634281	-4.318290	0.509542
51	25500000	26000000	-1.463968	-4.300330	0.386445
52	26000000	26500000	-1.366029	-4.300280	0.143485
53	26500000	27000000	-1.128782	-4.382015	-0.005316
54	27000000	27500000	-0.866419	-4.420972	-0.157447
55	27500000	28000000	-0.708030	-4.505671	-0.262039
56	28000000	28500000	-0.498912	-4.652260	-0.236359
57	28500000	29000000	-0.417038	-4.539254	-0.425285
58	29000000	29500000	-0.509065	-4.553976	-0.581641
59	29500000	30000000	-0.531823	-4.480291	-0.808923
60	30000000	30500000	-0.706886	-4.237148	-1.285720
61	30500000	31000000	-1.033402	-3.924230	-1.775563
62	31000000	31500000	-1.331032	-3.445240	-2.295110
63	31500000	32000000	-1.644733	-2.862220	-2.814933
64	32000000	32500000	-1.756733	-2.417393	-3.142354
65	32500000	33000000	-1.799057	-1.953784	-3.415429
66	33000000	33500000	-1.835182	-1.633108	-3.588018
67	33500000	34000000	-1.870936	-1.371346	-3.641708
68	34000000	34500000	-1.704665	-1.282792	-3.764323
69	34500000	35000000	-1.574062	-1.449265	-3.656868
70	35000000	35500000	-1.307802	-1.758670	-3.477101
71	35500000	36000000	-0.931779	-2.273238	-3.224947
72	36000000	36500000	-0.458057	-2.751029	-2.992588
73	36500000	37000000	-0.040980	-3.176865	-2.573140
74	37000000	37500000	0.499458	-3.606899	-2.218397
75	37500000	38000000	0.946929	-3.890665	-1.889206
76	38000000	38500000	1.219776	-4.086989	-1.827094
77	38500000	39000000	1.365948	-4.196150	-1.835008
78	39000000	39500000	1.302427	-4.118626	-1.836504
79	39500000	40000000	1.329962	-4.026130	-1.969909
80	40000000	40500000	1.301746	-3.865456	-2.224982
81	40500000	41000000	1.166453	-3.686197	-2.514363
82	41000000	41500000	0.928719	-3.529716	-2.730256
83	41500000	42000000	0.817410	-3.284227	-2.744440
84	42000000	42500000	0.656020	-2.924829	-2.835292
85	42500000	43000000	0.475895	-2.562684	-3.029219
86	43000000	43500000	0.037413	-2.021413	-3.144578
87	43500000	44000000	-0.333110	-1.425948	-3.221225
88	44000000	44500000	-0.697069	-0.916799	-3.279449
89	44500000	45000000	-0.961751	-0.371569	-3.462765
90	45000000	45500000	-1.097541	0.052994	-3.711793
91	45500000	46000000	-1.100648	0.346422	-3.939391
92	46000000	46500000	-1.008214	0.534267	-4.127152
93	46500000	47000000	-0.665321	0.372559	-4.288458
94	47000000	47500000	-0.100259	0.143995	-4.508331
95	47500000	48000000	0.369878	-0.125299	-4.694440
96	48000000	48500000	0.818892	-0.487246	-4.709287
97	48500000	49000000	1.298965	-0.853483	-4.591727
98	49000000	49500000	1.783984	-1.292969	-4.418326
99	49500000	50000000	2.177152	-1.971073	-3.691447
100	50000000	50500000	2.466885	-2.503491	-2.965225
101	50500000	51000000	2.797791	-2.269338	-2.690102
102	51000000	51500000	3.213043	-1.974603	-2.430768
103	51500000	52000000	3.639990	-1.792750	-2.150414
104	52000000	52500000	4.033625	-1.827475	-1.837272
105	52500000	53000000	4.249331	-1.925121	-1.523022
106	53000000	53500000	4.369879	-1.623486	-1.884380
107	53500000	54000000	4.423899	-1.234363	-2.331418
108	54000000	54500000	4.200443	-1.579334	-2.310673
109	54500000	55000000	4.050177	-1.874927	-2.301802
110	55000000	55500000	3.838044	-1.970450	-2.331746
111	55500000	56000000	3.424572	-1.708651	-2.468555
112	56000000	56500000	3.073268	-1.265037	-2.614960
113	56500000	57000000	2.980416	-0.822113	-2.651578
114	57000000	57500000	2.830386	-0.475096	-2.631844
115	57500000	58000000	2.744432	-0.097719	-2.737669
116	58000000	58500000	2.523592	0.294446	-2.865894
117	58500000	59000000	2.245504	0.645786	-3.093491
118	59000000	59500000	2.087274	0.976237	-3.235286
119	59500000	60000000	1.871957	1.266258	-3.386603
120	60000000	60500000	1.312166	1.643460	-3.540225
121	60500000	61000000	0.958174	2.020261	-3.640671
122	61000000	61500000	0.641776	2.331539	-3.658669
123	61500000	62000000	0.334776	2.571867	-3.648867
124	62000000	62500000	0.208931	2.790405	-3.611391
125	62500000	63000000	0.258268	2.960581	-3.580431
126	63000000	63500000	0.486943	3.045331	-3.588910
127	63500000	64000000	0.995462	3.020059	-3.582437
128	64000000	64500000	1.402111	3.026010	-3.545895
129	64500000	65000000	1.742340	3.072449	-3.408338
130	65000000	65500000	2.136083	3.189659	-3.212296
131	65500000	66000000	2.344221	3.342018	-2.984843
132	66000000	66500000	2.430314	3.435467	-2.880208
133	66500000	67000000	2.238581	3.628551	-2.715963
134	67000000	67500000	1.916596	3.759472	-2.564824
135	67500000	68000000	1.706047	3.860010	-2.411814
136	68000000	68500000	1.336950	3.949865	-2.309088
137	68500000	69000000	0.836712	4.034049	-2.160522
138	69000000	69500000	0.354308	4.047412	-2.009722
139	69500000	70000000	-0.022049	4.090962	-1.890579
140	70000000	70500000	-0.241499	4.137422	-1.810292
141	70500000	71000000	-0.324800	4.254704	-1.662623
142	71000000	71500000	-0.538260	4.312240	-1.504376
143	71500000	72000000	-0.540540	4.434600	-1.307883
144	72000000	72500000	-0.402840	4.452418	-1.206507
145	72500000	73000000	-0.094520	4.525246	-1.016286
146	73000000	73500000	0.132722	4.567419	-0.704637
147	73500000	74000000	0.423018	4.604109	-0.373611
148	74000000	74500000	0.692194	4.566453	-0.249200
149	74500000	75000000	1.031028	4.530846	-0.138161
150	75000000	75500000	1.216487	4.352865	-0.022845
151	75500000	76000000	1.450410	4.246563	0.152359
152	76000000	76500000	1.636301	4.087255	0.138699
153	76500000	77000000	1.874783	3.924348	0.146263
154	77000000	77500000	2.049191	3.550048	0.176322
155	77500000	78000000	2.111510	3.224338	0.363559
156	78000000	78500000	2.326086	2.819320	0.340043
157	78500000	79000000	2.666691	2.369597	0.262095
158	79000000	79500000	3.032787	1.984219	0.084181
159	79500000	80000000	3.379967	1.455885	0.079432
160	80000000	80500000	3.602771	0.974737	0.110168
161	80500000	81000000	3.833810	0.635286	0.114319
162	81000000	81500000	4.115980	0.451535	0.082976
163	81500000	82000000	4.083499	0.436466	0.155066
164	82000000	82500000	4.003147	0.544442	0.344231
165	82500000	83000000	3.974210	0.489687	0.572911
166	83000000	83500000	3.957947	0.510052	0.785605
167	83500000	84000000	4.080371	0.701624	0.789631
168	84000000	84500000	4.055626	0.990332	0.779895
169	84500000	85000000	3.809393	0.999670	0.786643
170	85000000	85500000	3.783307	0.903417	0.925449
171	85500000	86000000	3.876988	0.951217	1.031911
172	86000000	86500000	3.871087	0.903873	1.138418
173	86500000	87000000	3.712322	1.160355	1.242320
174	87000000	87500000	3.572349	1.135654	1.464034
175	87500000	88000000	3.701921	0.655564	1.474027
176	88000000	88500000	4.012257	0.226785	1.462543
177	88500000	89000000	4.079796	-0.091426	1.462301
178	89000000	89500000	4.026976	-0.743246	1.346781
179	89500000	90000000	3.880679	-1.228697	1.294332
180	90000000	90500000	3.817249	-1.798301	1.243519
181	90500000	91000000	3.681760	-2.196590	1.169527
182	91000000	91500000	3.470672	-2.187339	1.363971
183	91500000	92000000	3.335597	-2.082027	1.548288
184	92000000	92500000	3.178702	-1.745078	1.734325
185	92500000	93000000	3.117238	-1.270759	2.010831
186	93000000	93500000	3.020947	-0.827604	2.193731
187	93500000	94000000	2.955723	-0.448550	2.468298
188	94000000	94500000	2.918449	-0.089678	2.633210
189	94500000	95000000	2.852197	0.025307	2.730685
190	95000000	95500000	2.722668	-0.228774	2.819175
191	95500000	96000000	2.729757	-0.620049	2.917373
192	96000000	96500000	2.659551	-1.042812	2.933945
193	96500000	97000000	2.718304	-1.292001	2.963343
194	97000000	97500000	2.826864	-1.524087	2.933980
195	97500000	98000000	2.832282	-1.871875	3.081117
196	98000000	98500000	2.735498	-1.942949	3.225801
197	98500000	99000000	2.573942	-1.988072	3.308254
198	99000000	99500000	2.409797	-1.969530	3.374286
199	99500000	100000000	2.233482	-1.968013	3.484439
200	100000000	100500000	2.036352	-1.927446	3.574663
201	100500000	101000000	1.690599	-1.825490	3.604250
202	101000000	101500000	1.426088	-1.784973	3.515839
203	101500000	102000000	1.268286	-2.019034	3.496353
204	102000000	102500000	1.061710	-1.926115	3.557855
205	102500000	103000000	0.905671	-1.930125	3.540971
206	103000000	103500000	0.745446	-1.879808	3.570883
207	103500000	104000000	0.564425	-2.020976	3.654865
208	104000000	104500000	0.515746	-2.344976	3.664808
209	104500000	105000000	0.417407	-2.381647	3.737431
210	105000000	105500000	0.189805	-2.355181	3.826153
211	105500000	106000000	0.251322	-2.036678	3.884086
212	106000000	106500000	0.096905	-1.942219	3.988009
213	106500000	107000000	-0.160256	-1.948917	3.985855
214	107000000	107500000	-0.081306	-1.532228	3.990964
215	107500000	108000000	-0.027945	-1.106183	4.170375
216	108000000	108500000	0.044337	-0.828198	4.333004
217	108500000	109000000	0.408553	-0.126673	4.339479
218	109000000	109500000	0.517004	0.271837	4.363586
219	109500000	110000000	0.834241	0.719190	4.283440
220	110000000	110500000	1.294640	1.426137	4.132420
221	110500000	111000000	1.342819	1.810606	3.941579
222	111000000	111500000	1.236155	2.144551	3.694482
223	111500000	112000000	1.210483	2.385248	3.501318
224	112000000	112500000	0.941308	2.414758	3.310506
225	112500000	113000000	0.798650	2.406259	3.175576
226	113000000	113500000	0.666560	2.585987	3.133514
227	113500000	114000000	0.457189	2.657291	3.142132
228	114000000	114500000	0.278353	2.689718	3.107177
229	114500000	115000000	0.209522	2.806767	3.011776
230	115000000	115500000	0.083677	3.028385	2.872224
231	115500000	116000000	-0.132134	3.257649	2.722916
232	116000000	116500000	-0.394133	3.513493	2.410006
233	116500000	117000000	-0.781272	3.692914	2.048829
234	117000000	117500000	-1.188177	3.817043	1.756640
235	117500000	118000000	-1.464751	3.934814	1.443234
236	118000000	118500000	-1.613681	3.987712	1.278671
237	118500000	119000000	-1.840284	3.985933	1.160171
238	119000000	119500000	-1.996964	3.905298	1.148608
239	119500000	120000000	-2.216999	3.759715	1.228539
240	120000000	120500000	-2.373022	3.583203	1.364750
241	120500000	121000000	-2.276969	3.330930	1.736278
242	121000000	121500000	-2.152516	3.081215	2.044549
243	121500000	122000000	-2.226806	2.925214	2.218998
244	122000000	122500000	-2.301214	2.700915	2.441256
245	122500000	123000000	-2.427935	2.500366	2.565035
246	123000000	123500000	-2.492133	2.336783	2.745994
247	123500000	124000000	-2.234766	2.202853	2.909169
248	124000000	124500000	-2.205246	2.289154	2.781895
249	124500000	125000000	-2.314846	2.201351	2.805419
250	125000000	125500000	-2.206979	2.082297	2.984770
251	125500000	126000000	-2.080656	1.925740	3.105362
252	126000000	126500000	-1.824518	1.583098	3.373676
253	126500000	127000000	-1.415425	1.448395	3.500780
254	127000000	127500000	-1.403997	1.348259	3.569021
255	127500000	128000000	-1.489654	0.870636	3.772308
256	128000000	128500000	-1.417266	0.655104	4.015704
257	128500000	129000000	-1.587687	0.531300	3.872819
258	129000000	129500000	-1.646420	0.546262	3.709193
259	129500000	130000000	-1.667625	0.673513	3.615831
260	130000000	130500000	-1.950145	0.572482	3.599049
261	130500000	131000000	-2.110825	0.403011	3.588626
262	131000000	131500000	-2.108927	0.396698	3.514679
263	131500000	132000000	-2.348634	0.247460	3.364805
264	132000000	132500000	-2.324430	0.197043	3.446802
265	132500000	133000000	-2.521375	0.098303	3.489280
266	133000000	133500000	-2.750283	0.090019	3.395715
267	133500000	134000000	-2.967252	-0.027585	3.339395
268	134000000	134500000	-3.059311	-0.063454	3.327232
269	134500000	135000000	-3.213108	0.010984	3.263483
270	135000000	135500000	-3.250624	0.185814	3.226078
