# Chromosome: chr1, Resolution: 500000bp
# Generated: 2026-08-26 10:09:40
bin	start	end	x	y	z
0	0	500000	3.648200	2.263753	-2.736885
1	500000	1000000	3.510712	2.487939	-2.597368
2	1000000	1500000	3.343256	2.658639	-2.599582
3	1500000	2000000	3.217755	2.817233	-2.457247
4	2000000	2500000	3.106702	3.045847	-2.089438
5	2500000	3000000	2.860090	3.236248	-1.807337
6	3000000	3500000	2.602758	3.389465	-1.622191
7	3500000	4000000	2.301067	3.523842	-1.665476
8	4000000	4500000	2.158518	3.540386	-1.584986
9	4500000	5000000	2.240679	3.476035	-1.403291
10	5000000	5500000	2.305528	3.312532	-1.242286
11	5500000	6000000	2.289024	3.265296	-1.119277
12	6000000	6500000	2.432478	3.201471	-1.071481
13	6500000	7000000	2.572434	3.088999	-0.901876
14	7000000	7500000	2.848683	2.857451	-0.603226
15	7500000	8000000	3.069534	2.645666	-0.297213
16	8000000	8500000	3.261148	2.472359	-0.114628
17	8500000	9000000	3.419711	2.387364	-0.051059
18	9000000	9500000	3.626399	2.275951	-0.000086
19	9500000	10000000	3.726114	2.252066	0.108910
20	10000000	10500000	3.775228	2.233521	0.126618
21	10500000	11000000	3.727676	2.328584	-0.019977
22	11000000	11500000	3.495483	2.637051	-0.278487
23	11500000	12000000	3.062316	3.003214	-0.523282
24	12000000	12500000	2.729096	3.223070	-0.548661
25	12500000	13000000	2.403857	3.376740	-0.556164
26	13000000	13500000	2.156656	3.428526	-0.589897
27	13500000	14000000	1.953750	3.470341	-0.572595
28	14000000	14500000	2.016573	3.433101	-0.351274
29	14500000	15000000	2.273279	3.178862	-0.127071
30	15000000	15500000	2.645003	2.974590	0.030028
31	15500000	16000000	2.826172	2.967512	0.022474
32	16000000	16500000	2.937389	2.974229	0.076565
33	16500000	17000000	2.988875	2.982486	0.161484
34	17000000	17500000	3.009358	3.121967	0.160915
35	17500000	18000000	2.805022	3.233022	0.187338
36	18000000	18500000	2.675587	3.260605	0.269140
37	18500000	19000000	2.470288	3.287930	0.459302
38	19000000	19500000	2.467874	3.272432	0.668054
39	19500000	20000000	2.638156	3.217962	0.834965
40	20000000	20500000	2.800945	3.219260	0.965637
41	20500000	21000000	2.924874	3.091250	1.109578
42	21000000	21500000	3.028459	3.076327	1.121883
43	21500000	22000000	3.119429	3.023526	1.224609
44	22000000	22500000	3.359804	2.819964	1.360142
45	22500000	23000000	3.389667	2.608872	1.421233
46	23000000	23500000	3.388906	2.391463	1.549793
47	23500000	24000000	3.420427	2.163152	1.668045
48	24000000	24500000	3.555150	1.972012	1.770959
49	24500000	25000000	3.534547	1.845375	1.925440
50	25000000	25500000	3.645490	1.734090	2.012368
51	25500000	26000000	3.572250	1.700741	2.189401
52	26000000	26500000	3.676202	1.598175	2.357489
53	26500000	27000000	3.592933	1.619668	2.414149
54	27000000	27500000	3.543574	1.631669	2.502939
55	27500000	28000000	3.295378	1.928297	2.405938
56	28000000	28500000	3.124550	2.150072	2.199405
57	28500000	29000000	2.776629	2.520082	1.945057
58	29000000	29500000	2.574126	2.741160	1.807110
59	29500000	30000000	2.385540	2.932719	1.719910
60	30000000	30500000	2.346108	3.045033	1.700851
61	30500000	31000000	2.282433	3.142381	1.755359
62	31000000	31500000	2.307909	2.980040	1.931636
63	31500000	32000000	2.298927	2.950642	2.076214
64	32000000	32500000	2.239301	2.957489	2.141014
65	32500000	33000000	2.087868	2.990068	2.066289
66	33000000	33500000	1.912786	3.146395	1.961811
67	33500000	34000000	1.820429	3.141364	2.154081
68	34000000	34500000	1.743369	3.143465	2.241905
69	34500000	35000000	1.736406	3.099093	2.341750
70	35000000	35500000	1.656928	3.185330	2.259761
71	35500000	36000000	1.710953	3.110906	2.326654
72	36000000	36500000	1.765755	3.049546	2.522827
73	36500000	37000000	1.803698	2.945776	2.618610
74	37000000	37500000	1.754958	2.918256	2.451520
75	37500000	38000000	1.734899	2.805961	2.524298
76	38000000	38500000	1.656511	2.771169	2.541258
77	38500000	39000000	1.702187	2.459029	2.924752
78	39000000	39500000	1.648210	2.278667	3.155058
79	39500000	40000000	1.545281	2.264625	3.108847
80	40000000	40500000	1.451903	2.182698	3.182494
81	40500000	41000000	1.288236	2.309722	3.302744
82	41000000	41500000	1.100247	2.429153	3.222199
83	41500000	42000000	1.010432	2.533055	3.163508
84	42000000	42500000	0.928761	2.742833	3.024014
85	42500000	43000000	0.895516	2.850929	2.906650
86	43000000	43500000	0.867495	2.801404	2.958945
87	43500000	44000000	0.803399	2.832234	3.009034
88	44000000	44500000	0.778537	2.722299	3.101059
89	44500000	45000000	0.660202	2.829148	3.051576
90	45000000	45500000	0.494144	3.058072	2.706163
91	45500000	46000000	0.327797	3.082302	2.370410
92	46000000	46500000	0.113281	3.132663	2.053414
93	46500000	47000000	-0.077679	3.348341	1.564491
94	47000000	47500000	-0.290718	3.434778	1.041097
95	47500000	48000000	-0.491357	3.609406	0.241514
96	48000000	48500000	-0.631450	3.683017	-0.421723
97	48500000	49000000	-0.764785	3.614836	-0.665206
98	49000000	49500000	-0.910772	3.748630	-0.620671
99	49500000	50000000	-0.989446	3.835833	-0.401682
100	50000000	50500000	-1.020420	3.772458	0.039080
101	50500000	51000000	-0.977513	3.889361	0.508881
102	51000000	51500000	-0.829879	3.809100	1.021238
103	51500000	52000000	-0.731046	3.745440	1.505125
104	52000000	52500000	-0.603553	3.649729	1.909412
105	52500000	53000000	-0.502341	3.453409	2.039800
106	53000000	53500000	-0.439547	3.377720	1.993409
107	53500000	54000000	-0.473701	3.328349	1.811696
108	54000000	54500000	-0.517205	3.323077	1.396980
109	54500000	55000000	-0.632098	3.236823	1.154360
110	55000000	55500000	-0.776255	3.232709	0.900184
111	55500000	56000000	-0.986620	3.310689	0.673774
112	56000000	56500000	-1.126274	3.448035	0.340878
113	56500000	57000000	-1.314702	3.437324	0.164025
114	57000000	57500000	-1.316077	3.353256	0.159348
115	57500000	58000000	-1.361738	3.338331	0.211982
116	58000000	58500000	-1.488598	3.550570	0.170019
117	58500000	59000000	-1.584634	3.539299	-0.030342
118	59000000	59500000	-1.623586	3.503053	-0.257657
119	59500000	60000000	-1.667294	3.495866	-0.364068
120	60000000	60500000	-1.668585	3.409463	-0.362711
121	60500000	61000000	-1.739414	3.447293	-0.437356
122	61000000	61500000	-1.863181	3.341659	-0.269952
123	61500000	62000000	-1.924352	3.169148	-0.199563
124	62000000	62500000	-1.945614	3.170816	0.011099
125	62500000	63000000	-2.018362	3.151635	0.328881
126	63000000	63500000	-2.132507	3.054983	0.572697
127	63500000	64000000	-2.244454	3.110224	0.653483
128	64000000	64500000	-2.376637	3.187751	0.467554
129	64500000	65000000	-2.441613	3.133151	0.357275
130	65000000	65500000	-2.479622	3.061821	0.224435
131	65500000	66000000	-2.487136	2.904888	0.300195
132	66000000	66500000	-2.502221	2.845387	0.100054
133	66500000	67000000	-2.567804	2.756291	-0.011662
134	67000000	67500000	-2.601389	2.702541	-0.288282
135	67500000	68000000	-2.635103	2.649779	-0.437558
136	68000000	68500000	-2.711641	2.669986	-0.672193
137	68500000	69000000	-2.817387	2.696306	-0.627786
138	69000000	69500000	-2.907310	2.711519	-0.924557
139	69500000	70000000	-2.967646	2.638538	-1.066833
140	70000000	70500000	-2.985652	2.621868	-1.295160
141	70500000	71000000	-3.054094	2.521276	-1.432420
142	71000000	71500000	-3.123306	2.408620	-1.588480
143	71500000	72000000	-3.120709	2.352982	-1.796032
144	72000000	72500000	-3.157318	2.275654	-2.065232
145	72500000	73000000	-3.203183	2.210696	-2.135417
146	73000000	73500000	-3.294673	2.213235	-2.053620
147	73500000	74000000	-3.344494	2.158402	-1.977773
148	74000000	74500000	-3.371181	2.126384	-1.695885
149	74500000	75000000	-3.368777	2.001384	-1.357481
150	75000000	75500000	-3.485943	1.899824	-1.130203
151	75500000	76000000	-3.437120	1.827577	-0.982462
152	76000000	76500000	-3.411643	1.710282	-0.989119
153	76500000	77000000	-3.420310	1.525431	-1.010838
154	77000000	77500000	-3.477916	1.393682	-1.043544
155	77500000	78000000	-3.511472	1.273076	-1.089250
156	78000000	78500000	-3.609590	1.288946	-1.142439
157	78500000	79000000	-3.622862	1.229836	-1.154568
158	79000000	79500000	-3.795189	1.169560	-1.249416
159	79500000	80000000	-3.935007	1.175622	-1.136516
160	80000000	80500000	-4.001107	1.200715	-1.015663
161	80500000	81000000	-4.032989	1.170843	-0.973685
162	81000000	81500000	-4.101180	1.117126	-0.979292
163	81500000	82000000	-4.161136	0.943754	-1.132225
164	82000000	82500000	-4.190140	0.824758	-1.120739
165	82500000	83000000	-4.171630	0.717435	-1.039715
166	83000000	83500000	-4.006198	0.730141	-0.757272
167	83500000	84000000	-3.953470	0.818033	-0.527502
168	84000000	84500000	-3.902442	0.877073	-0.243295
169	84500000	85000000	-3.848805	0.910423	-0.094775
170	85000000	85500000	-3.769566	1.131182	0.439384
171	85500000	86000000	-3.661847	1.337672	0.823929
172	86000000	86500000	-3.645071	1.524792	1.084525
173	86500000	87000000	-3.788422	1.532024	1.047704
174	87000000	87500000	-3.706686	1.462847	1.056522
175	87500000	88000000	-3.592980	1.455820	1.242202
176	88000000	88500000	-3.412279	1.529478	1.514747
177	88500000	89000000	-3.428431	1.474168	1.541793
178	89000000	89500000	-3.532174	1.074824	1.173968
179	89500000	90000000	-3.577251	0.654613	1.012276
180	90000000	90500000	-3.431848	0.624058	1.158678
181	90500000	91000000	-3.441910	0.623414	1.285318
182	91000000	91500000	-3.418493	0.621692	1.366555
183	91500000	92000000	-3.429547	0.677483	1.528750
184	92000000	92500000	-3.302649	0.686901	1.641927
185	92500000	93000000	-3.152745	0.884991	2.037462
186	93000000	93500000	-2.989813	1.174874	2.252497
187	93500000	94000000	-3.214326	1.152213	2.137742
188	94000000	94500000	-3.436200	0.968746	1.822371
189	94500000	95000000	-3.726728	0.705175	1.401506
190	95000000	95500000	-3.952105	0.403626	0.960213
191	95500000	96000000	-4.109734	0.182815	0.651588
192	96000000	96500000	-4.292386	-0.073557	0.442025
193	96500000	97000000	-4.477591	-0.247844	0.291585
194	97000000	97500000	-4.402646	-0.391223	0.264902
195	97500000	98000000	-4.346913	-0.384734	0.400698
196	98000000	98500000	-4.185571	-0.306064	0.770103
197	98500000	99000000	-4.062863	-0.363375	1.180580
198	99000000	99500000	-4.039986	-0.296271	1.394078
199	99500000	100000000	-3.848507	-0.128902	1.650682
200	100000000	100500000	-3.747262	-0.157205	1.751517
201	100500000	101000000	-3.855578	-0.245974	1.783055
202	101000000	101500000	-3.884517	-0.321899	1.783729
203	101500000	102000000	-4.003024	-0.475706	1.653887
204	102000000	102500000	-4.164021	-0.652773	1.386723
205	102500000	103000000	-4.203525	-0.810601	1.266121
206	103000000	103500000	-4.334998	-0.870488	1.226007
207	103500000	104000000	-4.356262	-0.827877	1.303162
208	104000000	104500000	-4.300960	-0.777866	1.369151
209	104500000	105000000	-4.273873	-0.938274	1.516929
210	105000000	105500000	-4.234201	-0.865258	1.655180
211	105500000	106000000	-4.117334	-0.629785	1.715776
212	106000000	106500000	-3.998609	-0.520039	1.868278
213	106500000	107000000	-3.932786	-0.401415	1.984671
214	107000000	107500000	-3.659274	-0.223619	2.230839
215	107500000	108000000	-3.180375	-0.016538	2.547807
216	108000000	108500000	-2.681812	0.308049	2.824954
217	108500000	109000000	-2.216015	0.594987	3.036571
218	109000000	109500000	-1.829357	0.767300	3.247803
219	109500000	110000000	-1.503059	0.840013	3.384942
220	110000000	110500000	-1.164598	0.867514	3.466636
221	110500000	111000000	-1.073146	0.881028	3.529072
222	111000000	111500000	-1.187886	0.851770	3.554571
223	111500000	112000000	-1.352478	0.839960	3.518115
224	112000000	112500000	-1.421276	0.711076	3.493099
225	112500000	113000000	-1.546094	0.639545	3.565714
226	113000000	113500000	-1.692323	0.613826	3.570957
227	113500000	114000000	-1.837428	0.507828	3.548847
228	114000000	114500000	-1.967577	0.431287	3.515846
229	114500000	115000000	-2.036564	0.318022	3.521883
230	115000000	115500000	-2.032335	0.206735	3.551658
231	115500000	116000000	-2.136599	0.064606	3.577912
232	116000000	116500000	-2.238525	-0.108548	3.493453
233	116500000	117000000	-2.407787	-0.377311	3.433666
234	117000000	117500000	-2.538138	-0.615394	3.408976
235	117500000	118000000	-2.522164	-0.738066	3.244959
236	118000000	118500000	-2.521276	-0.811830	3.067711
237	118500000	119000000	-2.803764	-0.990803	2.048451
238	119000000	119500000	-3.044681	-1.154095	1.068142
239	119500000	120000000	-3.239409	-1.267306	0.230109
240	120000000	120500000	-3.258803	-1.256811	-0.721981
241	120500000	121000000	-3.088398	-1.106366	-1.852830
242	121000000	121500000	-2.894812	-1.036917	-2.924848
243	121500000	122000000	-2.829647	-0.797830	-3.985417
244	122000000	122500000	-2.545824	-0.361801	-4.196864
245	122500000	123000000	-2.223615	0.154476	-4.431878
246	123000000	123500000	-1.591476	0.838982	-4.643601
247	123500000	124000000	-0.976134	1.504881	-4.683152
248	124000000	124500000	-0.484306	2.049712	-4.583918
249	124500000	125000000	-0.130659	2.271878	-4.528917
250	125000000	125500000	0.105548	2.184793	-4.591736
251	125500000	126000000	0.323378	2.073141	-4.667044
252	126000000	126500000	0.520841	1.989014	-4.730223
253	126500000	127000000	0.479533	1.748816	-4.857735
254	127000000	127500000	0.456970	1.462466	-5.029518
255	127500000	128000000	0.338697	1.177782	-5.172527
256	128000000	128500000	-0.048962	1.121853	-5.193176
257	128500000	129000000	-0.132934	1.565929	-4.982355
258	129000000	129500000	-0.140634	1.544349	-3.426853
259	129500000	130000000	-0.056982	1.921032	-3.212549
260	130000000	130500000	-0.066576	2.259998	-3.025842
261	130500000	131000000	-0.368228	2.427674	-2.939662
262	131000000	131500000	-0.934141	2.194617	-2.793877
263	131500000	132000000	-1.213466	2.029873	-2.703959
264	132000000	132500000	-1.519882	1.505049	-2.805781
265	132500000	133000000	-1.853445	1.351083	-4.264712
266	133000000	133500000	-2.297916	0.567686	-4.375293
267	133500000	134000000	-2.696584	-0.197222	-4.470992
268	134000000	134500000	-2.863531	-0.677370	-4.477457
269	134500000	135000000	-2.782663	-0.503059	-4.527375
270	135000000	135500000	-2.974719	-0.957654	-4.069256
271	135500000	136000000	-3.199449	-1.438253	-3.528133
272	136000000	136500000	-2.470722	-1.060285	-3.490558
273	136500000	137000000	-1.758367	-0.524781	-3.488168
274	137000000	137500000	-1.134814	0.004851	-3.506098
275	137500000	138000000	-0.608902	0.471170	-3.520090
276	138000000	138500000	-0.149348	0.743357	-3.539673
277	138500000	139000000	0.472797	1.589048	-4.019043
278	139000000	139500000	1.028075	2.502136	-4.532812
279	139500000	140000000	0.553290	2.619475	-4.530896
280	140000000	140500000	0.052629	2.691239	-4.533640
281	140500000	141000000	-0.420929	2.417678	-4.600751
282	141000000	141500000	-0.786647	2.053680	-4.662506
283	141500000	142000000	-1.061456	1.605790	-4.720777
284	142000000	142500000	-1.601947	0.712053	-4.111902
285	142500000	143000000	-2.091186	-0.086164	-3.892713
286	143000000	143500000	-2.524145	-0.894547	-3.659749
287	143500000	144000000	-2.932251	-1.680708	-3.347667
288	144000000	144500000	-2.634583	-1.930351	-1.985122
289	144500000	145000000	-2.502136	-2.127000	-0.511960
290	145000000	145500000	-1.736033	-1.845958	-0.259314
291	145500000	146000000	-1.097725	-1.506865	0.238150
292	146000000	146500000	-0.571020	-1.432158	1.247896
293	146500000	147000000	0.024464	-1.231667	2.357781
294	147000000	147500000	0.434828	-1.039431	3.440019
295	147500000	148000000	0.212753	-0.999206	3.580891
296	148000000	148500000	0.468805	-0.873979	3.565237
297	148500000	149000000	0.154738	-1.128105	4.566779
298	149000000	149500000	0.398262	-1.063900	4.631340
299	149500000	150000000	0.732312	-0.906535	4.615447
300	150000000	150500000	0.973652	-0.877498	4.402840
301	150500000	151000000	1.327511	-0.846925	4.108082
302	151000000	151500000	1.645305	-0.886734	3.834034
303	151500000	152000000	1.616934	-0.927138	3.515603
304	152000000	152500000	1.660035	-1.007224	3.626710
305	152500000	153000000	1.674780	-1.059199	3.625658
306	153000000	153500000	1.737263	-1.072697	3.508546
307	153500000	154000000	1.908362	-1.115369	3.501050
308	154000000	154500000	2.189615	-1.083242	3.535417
309	154500000	155000000	2.445860	-1.036951	3.539001
310	155000000	155500000	2.572899	-1.105883	3.656894
311	155500000	156000000	2.475336	-1.196596	3.435915
312	156000000	156500000	2.273073	-1.399793	3.471483
313	156500000	157000000	2.032409	-1.650684	3.518770
314	157000000	157500000	1.547489	-1.876294	3.542959
315	157500000	158000000	1.077829	-2.058637	3.398219
316	158000000	158500000	0.733206	-2.262352	3.321692
317	158500000	159000000	0.613092	-2.380396	3.243018
318	159000000	159500000	0.652265	-2.460403	3.274149
319	159500000	160000000	0.781811	-2.414915	3.182868
320	160000000	160500000	0.691345	-2.372687	3.146338
321	160500000	161000000	0.635561	-2.415134	3.025860
322	161000000	161500000	0.528191	-2.558425	2.971481
323	161500000	162000000	0.302487	-2.657870	2.781141
324	162000000	162500000	-0.165166	-2.843292	2.624371
325	162500000	163000000	-0.678043	-3.068034	2.353469
326	163000000	163500000	-1.182136	-3.252949	2.030996
327	163500000	164000000	-1.395539	-3.336434	1.712181
328	164000000	164500000	-1.371995	-3.279115	1.594493
329	164500000	165000000	-1.432948	-3.262173	1.485804
330	165000000	165500000	-1.540658	-3.272180	1.482052
331	165500000	166000000	-1.325781	-3.181218	1.527382
332	166000000	166500000	-0.991372	-2.980450	1.659046
333	166500000	167000000	-0.756853	-2.912240	1.884074
334	167000000	167500000	-0.596030	-2.879352	2.011370
335	167500000	168000000	-0.510820	-2.924849	2.033929
336	168000000	168500000	-0.373757	-3.014688	2.173091
337	168500000	169000000	-0.281965	-3.086899	2.224717
338	169000000	169500000	-0.412849	-3.166551	2.102954
339	169500000	170000000	-0.522699	-3.249097	1.918686
340	170000000	170500000	-0.533126	-3.362187	1.770766
341	170500000	171000000	-0.429742	-3.434630	1.720048
342	171000000	171500000	-0.350684	-3.487107	1.703703
343	171500000	172000000	-0.252090	-3.508858	1.657696
344	172000000	172500000	-0.031780	-3.509796	1.714163
345	172500000	173000000	0.209352	-3.540777	1.765104
346	173000000	173500000	0.300862	-3.592543	1.861600
347	173500000	174000000	0.314390	-3.509239	1.809476
348	174000000	174500000	0.184895	-3.609467	1.726241
349	174500000	175000000	-0.076704	-3.746300	1.556648
350	175000000	175500000	-0.337432	-3.803906	1.330609
351	175500000	176000000	-0.492942	-3.831943	1.057626
352	176000000	176500000	-0.586692	-3.802025	0.865680
353	176500000	177000000	-0.724576	-3.975461	0.755685
354	177000000	177500000	-0.756123	-4.163987	0.717495
355	177500000	178000000	-0.650681	-4.088606	0.699726
356	178000000	178500000	-0.435237	-3.891194	0.667197
357	178500000	179000000	-0.063104	-3.754263	0.807526
358	179000000	179500000	0.257040	-3.656550	0.962427
359	179500000	180000000	0.531801	-3.482735	1.114208
360	180000000	180500000	0.894737	-3.280215	1.254570
361	180500000	181000000	1.141681	-3.104055	1.338893
362	181000000	181500000	1.356430	-3.080482	1.501358
363	181500000	182000000	1.508360	-3.017469	1.593135
364	182000000	182500000	1.590033	-3.061361	1.607023
365	182500000	183000000	1.496394	-3.237087	1.463846
366	183000000	183500000	1.410318	-3.431889	1.346208
367	183500000	184000000	1.184558	-3.540780	1.071158
368	184000000	184500000	0.720606	-3.659971	0.823376
369	184500000	185000000	0.239021	-3.762342	0.434343
370	185000000	185500000	-0.182525	-3.976263	0.132395
371	185500000	186000000	-0.618034	-3.992224	-0.241103
372	186000000	186500000	-1.036149	-3.909795	-0.513368
373	186500000	187000000	-1.476504	-3.918600	-0.870211
374	187000000	187500000	-1.769554	-3.945689	-1.022746
375	187500000	188000000	-1.666969	-3.940615	-1.128880
376	188000000	188500000	-1.619685	-3.898168	-1.239711
377	188500000	189000000	-1.530543	-3.877012	-1.340789
378	189000000	189500000	-1.403095	-3.912741	-1.429466
379	189500000	190000000	-1.265936	-3.886472	-1.493310
380	190000000	190500000	-1.061817	-3.942183	-1.444459
381	190500000	191000000	-0.924507	-3.944211	-1.501664
382	191000000	191500000	-0.853453	-3.980094	-1.509850
383	191500000	192000000	-0.703620	-4.062268	-1.433902
384	192000000	192500000	-0.682534	-4.033234	-1.508530
385	192500000	193000000	-0.829622	-3.948864	-1.684594
386	193000000	193500000	-0.853154	-3.925517	-1.783320
387	193500000	194000000	-0.946399	-3.844110	-1.900531
388	194000000	194500000	-0.964148	-3.705090	-1.981469
389	194500000	195000000	-1.026595	-3.570273	-2.162707
390	195000000	195500000	-1.147633	-3.457505	-2.453859
391	195500000	196000000	-1.020885	-3.475878	-2.422122
392	196000000	196500000	-0.778201	-3.586356	-2.205095
393	196500000	197000000	-0.550961	-3.621478	-2.078946
394	197000000	197500000	-0.497969	-3.511785	-2.291796
395	197500000	198000000	-0.206768	-3.638669	-2.084019
396	198000000	198500000	0.039888	-3.643585	-1.913659
397	198500000	199000000	0.359284	-3.696478	-1.568836
398	199000000	199500000	0.703992	-3.561780	-1.195928
399	199500000	200000000	1.026833	-3.296469	-0.847333
400	200000000	200500000	1.440734	-2.950507	-0.441110
401	200500000	201000000	2.156550	-2.758138	0.302358
402	201000000	201500000	2.531227	-2.415377	0.648920
403	201500000	202000000	2.893119	-2.134844	1.060449
404	202000000	202500000	3.227888	-1.790038	1.275880
405	202500000	203000000	3.374790	-1.568864	1.365821
406	203000000	203500000	3.514891	-1.412995	1.382732
407	203500000	204000000	3.591059	-1.360798	1.413295
408	204000000	204500000	3.611374	-1.325759	1.371536
409	204500000	205000000	3.664940	-1.339171	1.375308
410	205000000	205500000	3.700254	-1.429031	1.323416
411	205500000	206000000	3.638527	-1.541090	1.363464
412	206000000	206500000	3.592487	-1.712044	1.252336
413	206500000	207000000	3.366433	-1.985176	1.055084
414	207000000	207500000	3.118746	-2.294830	0.798923
415	207500000	208000000	2.876827	-2.632278	0.568912
416	208000000	208500000	2.648496	-2.836161	0.267908
417	208500000	209000000	2.423200	-2.973368	-0.031330
418	209000000	209500000	2.284618	-3.144753	-0.382741
419	209500000	210000000	2.284684	-3.255191	-0.532458
420	210000000	210500000	2.397669	-3.193879	-0.471719
421	210500000	211000000	2.546219	-3.121257	-0.370934
422	211000000	211500000	2.590716	-2.987104	-0.244658
423	211500000	212000000	2.524088	-3.049569	-0.425449
424	212000000	212500000	2.446323	-3.076033	-0.667725
425	212500000	213000000	2.348362	-3.069581	-0.771820
426	213000000	213500000	2.014516	-3.087125	-1.024608
427	213500000	214000000	1.658569	-3.120592	-1.527140
428	214000000	214500000	1.301191	-3.159777	-2.011357
429	214500000	215000000	0.992388	-3.190712	-2.594585
430	215000000	215500000	0.815442	-3.137468	-2.727839
431	215500000	216000000	0.692483	-3.107440	-2.748334
432	216000000	216500000	0.580847	-3.028541	-2.880485
433	216500000	217000000	0.579108	-2.960091	-2.945479
434	217000000	217500000	0.717421	-2.943186	-2.922162
435	217500000	218000000	0.856067	-2.938247	-2.896294
436	218000000	218500000	0.952766	-2.936181	-2.705858
437	218500000	219000000	1.176518	-2.851123	-2.699787
438	219000000	219500000	1.390148	-2.834878	-2.672948
439	219500000	220000000	1.588775	-2.816031	-2.545863
440	220000000	220500000	1.838099	-2.817899	-2.374320
441	220500000	221000000	2.032912	-2.841220	-2.166784
442	221000000	221500000	2.282807	-2.779757	-2.063312
443	221500000	222000000	2.542558	-2.715818	-1.986721
444	222000000	222500000	2.659204	-2.686121	-1.844760
445	222500000	223000000	2.804834	-2.631570	-1.628687
446	223000000	223500000	2.802832	-2.566883	-1.601906
447	223500000	224000000	2.717644	-2.518574	-1.658657
448	224000000	224500000	2.846937	-2.395443	-1.557342
449	224500000	225000000	2.902132	-2.343217	-1.331125
450	225000000	225500000	2.921443	-2.294361	-1.144687
451	225500000	226000000	2.965662	-2.189674	-1.106810
452	226000000	226500000	3.102715	-2.001025	-1.260851
453	226500000	227000000	3.325694	-1.801266	-1.210668
454	227000000	227500000	3.646214	-1.585025	-1.138295
455	227500000	228000000	3.693551	-1.445035	-1.107434
456	228000000	228500000	3.713288	-1.258005	-1.186946
457	228500000	229000000	3.727073	-1.200391	-1.187263
458	229000000	229500000	3.577263	-1.164447	-1.090945
459	229500000	230000000	3.342280	-1.186526	-0.961410
460	230000000	230500000	3.268166	-1.259202	-1.006534
461	230500000	231000000	3.052633	-1.339953	-1.086101
462	231000000	231500000	2.894390	-1.443938	-1.140645
463	231500000	232000000	2.817491	-1.531757	-1.214021
464	232000000	232500000	2.736421	-1.530522	-1.330897
465	232500000	233000000	2.890887	-1.522472	-1.331487
466	233000000	233500000	3.056697	-1.454515	-1.235934
467	233500000	234000000	3.124627	-1.442361	-0.979625
468	234000000	234500000	3.180935	-1.393586	-0.801946
469	234500000	235000000	3.101376	-1.311364	-0.777821
470	235000000	235500000	3.018363	-1.335734	-1.011141
471	235500000	236000000	2.889074	-1.378750	-1.350272
472	236000000	236500000	2.553435	-1.434827	-1.767589
473	236500000	237000000	2.207533	-1.580187	-2.271977
474	237000000	237500000	1.807951	-1.632769	-2.896765
475	237500000	238000000	1.512946	-1.655033	-3.439292
476	238000000	238500000	1.383512	-1.703684	-3.881594
477	238500000	239000000	1.147790	-1.728515	-3.892027
478	239000000	239500000	1.058775	-1.633595	-3.915473
479	239500000	240000000	1.026960	-1.664334	-3.889679
480	240000000	240500000	1.100871	-1.618687	-3.768126
481	240500000	241000000	1.210076	-1.572060	-3.674625
482	241000000	241500000	1.358626	-1.525672	-3.552070
483	241500000	242000000	1.576218	-1.119216	-3.620986
484	242000000	242500000	1.847918	-0.807137	-3.756014
485	242500000	243000000	1.989388	-0.818157	-3.565492
486	243000000	243500000	2.199619	-0.693061	-3.420259
487	243500000	244000000	2.400011	-0.583980	-3.438618
488	244000000	244500000	2.550792	-0.506642	-3.283387
489	244500000	245000000	2.662425	-0.447675	-3.119614
490	245000000	245500000	2.689929	-0.750184	-2.809481
491	245500000	246000000	2.514010	-0.915221	-2.677115
492	246000000	246500000	2.311934	-0.915839	-2.758067
493	246500000	247000000	2.279535	-0.815050	-3.005567
494	247000000	247500000	2.171548	-0.760921	-3.069942
495	247500000	248000000	2.090457	-0.758866	-3.159410
496	248000000	248500000	1.947227	-0.761448	-3.309510
497	248500000	249000000	1.714103	-0.728502	-3.529171
