# Chromosome: chr10, Resolution: 500000bp
# Generated: 2026-09-02 10:47:02
bin	start	end	x	y	z
0	0	500000	-0.069165	2.912533	1.118144
1	500000	1000000	-0.269041	2.905352	0.870475
2	1000000	1500000	-0.389620	2.965281	0.772115
3	1500000	2000000	-0.297669	3.032805	0.778156
4	2000000	2500000	-0.220588	3.009131	0.691252
5	2500000	3000000	-0.166910	3.058367	0.545020
6	3000000	3500000	-0.193014	3.117464	0.431167
7	3500000	4000000	-0.181558	3.165147	0.432746
8	4000000	4500000	0.115543	3.147785	0.561370
9	4500000	5000000	0.413887	3.118416	0.632402
10	5000000	5500000	0.459645	3.080928	0.579058
11	5500000	6000000	0.523026	3.019367	0.489317
12	6000000	6500000	0.615538	3.028530	0.434752
13	6500000	7000000	0.637681	3.017911	0.378188
14	7000000	7500000	0.578512	3.133396	0.306928
15	7500000	8000000	0.346362	3.325356	0.178414
16	8000000	8500000	0.015291	3.372493	-0.079797
17	8500000	9000000	-0.239698	3.404643	-0.273884
18	9000000	9500000	-0.480658	3.503274	-0.415934
19	9500000	10000000	-0.471010	3.400970	-0.458295
20	10000000	10500000	-0.186426	3.317766	-0.355518
21	10500000	11000000	0.243414	3.100736	-0.178349
22	11000000	11500000	0.557607	2.892321	-0.028825
23	11500000	12000000	0.990926	2.777663	0.220774
24	12000000	12500000	1.467290	2.648120	0.433764
25	12500000	13000000	1.776385	2.486608	0.549246
26	13000000	13500000	1.925739	2.427929	0.603748
27	13500000	14000000	1.828941	2.463354	0.495185
28	14000000	14500000	1.480984	2.584711	0.192152
29	14500000	15000000	1.178711	2.723372	-0.118941
30	15000000	15500000	0.967230	2.805415	-0.375454
31	15500000	16000000	0.695372	2.845554	-0.611934
32	16000000	16500000	0.624112	2.969797	-0.808412
33	16500000	17000000	0.410954	3.079257	-1.034365
34	17000000	17500000	0.214532	3.122044	-1.284297
35	17500000	18000000	0.144952	3.097517	-1.439350
36	18000000	18500000	0.109822	3.006314	-1.552943
37	18500000	19000000	-0.026669	2.923799	-1.685284
38	19000000	19500000	-0.103490	2.976466	-1.829319
39	19500000	20000000	-0.133530	2.928845	-1.930691
40	20000000	20500000	0.076393	2.924823	-1.930080
41	20500000	21000000	0.309287	2.892942	-1.916284
42	21000000	21500000	0.612141	2.834396	-1.774188
43	21500000	22000000	0.880500	2.772490	-1.786760
44	22000000	22500000	0.974547	2.810373	-1.953423
45	22500000	23000000	1.094210	2.723026	-1.980524
46	23000000	23500000	1.178498	2.620122	-1.940115
47	23500000	24000000	0.960575	2.539658	-2.130371
48	24000000	24500000	0.800762	2.409578	-2.181097
49	24500000	25000000	0.827530	2.345293	-2.234919
50	25000000	25500000	0.981983	2.238231	-2.074219
51	25500000	26000000	1.285612	2.086033	-1.805643
52	26000000	26500000	1.322268	1.991384	-1.823817
53	26500000	27000000	1.239699	1.958791	-1.926693
54	27000000	27500000	1.268453	1.864825	-1.852695
55	27500000	28000000	1.231526	1.846783	-1.758487
56	28000000	28500000	1.095450	1.785927	-1.710029
57	28500000	29000000	1.091341	1.805936	-1.698407
58	29000000	29500000	1.052764	1.773303	-1.622684
59	29500000	30000000	1.373058	1.777965	-1.380231
60	30000000	30500000	1.640022	1.767395	-1.222863
61	30500000	31000000	1.842239	1.707777	-1.175849
62	31000000	31500000	1.872616	1.669575	-1.348125
63	31500000	32000000	1.730930	1.723568	-1.508574
64	32000000	32500000	1.359036	1.726796	-1.798324
65	32500000	33000000	0.964596	1.780664	-2.020020
66	33000000	33500000	0.687252	1.713614	-2.191372
67	33500000	34000000	0.565648	1.707098	-2.417764
68	34000000	34500000	0.096653	1.764112	-2.604658
69	34500000	35000000	-0.152169	1.817530	-2.559477
70	35000000	35500000	-0.305377	1.797425	-2.625951
71	35500000	36000000	-0.600247	1.849939	-2.633797
72	36000000	36500000	-0.712104	1.883651	-2.674079
73	36500000	37000000	-1.114434	1.955311	-2.787330
74	37000000	37500000	-1.798430	2.017449	-2.776908
75	37500000	38000000	-2.070928	2.085630	-2.708104
76	38000000	38500000	-2.482735	2.207027	-2.505504
77	38500000	39000000	-2.552658	2.478138	-1.584351
78	39000000	39500000	-2.491232	2.680052	-0.668728
79	39500000	40000000	-2.748536	2.892154	0.000086
80	40000000	40500000	-3.056549	2.773788	-0.020161
81	40500000	41000000	-3.037122	2.602099	-0.079580
82	41000000	41500000	-2.839321	2.403857	-0.017001
83	41500000	42000000	-2.100664	2.058106	-0.175035
84	42000000	42500000	-1.693826	1.556153	-1.078352
85	42500000	43000000	-1.403183	1.113267	-1.758006
86	43000000	43500000	-0.794280	0.633819	-2.237714
87	43500000	44000000	0.225500	0.437094	-2.118611
88	44000000	44500000	1.129326	0.305207	-1.873202
89	44500000	45000000	1.788207	0.166494	-1.701055
90	45000000	45500000	2.264652	-0.078566	-1.697849
91	45500000	46000000	2.423419	-0.176803	-1.444120
92	46000000	46500000	3.178090	-0.277878	-1.358412
93	46500000	47000000	3.521063	-0.356731	-1.239731
94	47000000	47500000	3.356980	-0.371768	-0.977679
95	47500000	48000000	3.201404	-0.428494	-0.862387
96	48000000	48500000	3.142451	-0.517989	-0.864382
97	48500000	49000000	2.915540	-0.440063	-0.752708
98	49000000	49500000	2.890430	-0.503958	-0.932126
99	49500000	50000000	2.009614	-0.576189	-1.283241
100	50000000	50500000	1.603037	-0.644464	-1.594307
101	50500000	51000000	1.255967	-0.709579	-1.968532
102	51000000	51500000	0.884883	-0.754372	-2.261847
103	51500000	52000000	0.511953	-0.751296	-2.561645
104	52000000	52500000	0.111546	-0.803792	-2.893555
105	52500000	53000000	-0.230094	-0.757503	-2.956482
106	53000000	53500000	-0.241780	-0.766303	-2.891049
107	53500000	54000000	-0.441844	-0.789396	-2.962043
108	54000000	54500000	-0.504558	-0.853935	-3.023459
109	54500000	55000000	-0.473663	-0.904202	-3.045351
110	55000000	55500000	-0.558262	-0.941768	-2.958970
111	55500000	56000000	-0.661883	-0.906681	-2.806328
112	56000000	56500000	-0.627891	-0.978366	-2.766716
113	56500000	57000000	-0.301951	-1.121312	-2.774893
114	57000000	57500000	-0.064043	-1.200164	-2.632573
115	57500000	58000000	0.204088	-1.283868	-2.487835
116	58000000	58500000	0.344616	-1.346384	-2.348255
117	58500000	59000000	0.547346	-1.507903	-2.334661
118	59000000	59500000	0.791070	-1.677681	-2.342080
119	59500000	60000000	0.924681	-1.847644	-2.407826
120	60000000	60500000	0.911905	-1.922690	-2.257043
121	60500000	61000000	1.005067	-1.999578	-2.124425
122	61000000	61500000	1.143390	-2.014464	-1.992645
123	61500000	62000000	1.271278	-2.052057	-1.894754
124	62000000	62500000	1.266162	-1.974017	-1.735084
125	62500000	63000000	1.031208	-2.000477	-1.748343
126	63000000	63500000	0.884715	-1.994409	-1.742901
127	63500000	64000000	0.625646	-2.036118	-1.870052
128	64000000	64500000	0.463250	-2.044912	-2.024748
129	64500000	65000000	0.063817	-1.969321	-2.132686
130	65000000	65500000	-0.275520	-1.991311	-2.213436
131	65500000	66000000	-0.427807	-2.140696	-2.408515
132	66000000	66500000	-0.036165	-2.196570	-2.267593
133	66500000	67000000	0.385099	-2.164507	-1.934055
134	67000000	67500000	0.839317	-1.925446	-1.438309
135	67500000	68000000	1.239583	-1.716093	-0.922138
136	68000000	68500000	1.530426	-1.562395	-0.474158
137	68500000	69000000	1.998615	-1.319555	0.001726
138	69000000	69500000	2.318368	-0.976678	0.610068
139	69500000	70000000	2.381474	-0.628603	1.103124
140	70000000	70500000	2.338083	-0.330651	1.464033
141	70500000	71000000	2.396805	-0.230771	1.653137
142	71000000	71500000	2.417414	-0.043830	1.843992
143	71500000	72000000	2.657995	0.104551	2.102851
144	72000000	72500000	2.745590	0.132321	2.189865
145	72500000	73000000	2.974900	0.151088	2.217983
146	73000000	73500000	3.125960	0.099728	2.259856
147	73500000	74000000	3.052732	-0.039107	2.162355
148	74000000	74500000	2.353414	-0.201814	1.720630
149	74500000	75000000	1.579758	-0.544012	1.140704
150	75000000	75500000	0.965176	-0.852944	0.591132
151	75500000	76000000	0.485850	-1.051595	0.310929
152	76000000	76500000	0.164663	-1.503019	0.028784
153	76500000	77000000	-0.267588	-1.737012	-0.182432
154	77000000	77500000	-0.432869	-1.885149	-0.284846
155	77500000	78000000	-0.013837	-1.893178	-0.009217
156	78000000	78500000	0.424710	-2.020742	0.165720
157	78500000	79000000	0.677646	-2.024224	0.328491
158	79000000	79500000	0.621176	-2.141599	0.185272
159	79500000	80000000	0.293666	-2.001994	0.048684
160	80000000	80500000	-0.028996	-1.983033	-0.269742
161	80500000	81000000	-0.297457	-2.054712	-0.494549
162	81000000	81500000	-0.592226	-2.282026	-0.790001
163	81500000	82000000	-0.872484	-2.267929	-0.938983
164	82000000	82500000	-0.985394	-2.457519	-1.074568
165	82500000	83000000	-0.923871	-2.492867	-1.000913
166	83000000	83500000	-0.859684	-2.653477	-0.946456
167	83500000	84000000	-0.683529	-2.622600	-0.721163
168	84000000	84500000	-0.562549	-2.690267	-0.557129
169	84500000	85000000	-0.350546	-2.756843	-0.323847
170	85000000	85500000	0.048523	-2.740774	-0.003371
171	85500000	86000000	0.478822	-2.762053	0.331711
172	86000000	86500000	0.732965	-2.712874	0.597445
173	86500000	87000000	1.221610	-2.551296	0.899031
174	87000000	87500000	1.626478	-2.611578	1.074950
175	87500000	88000000	1.938755	-2.500097	1.294682
176	88000000	88500000	2.099633	-2.343089	1.395631
177	88500000	89000000	2.035248	-2.431316	1.357761
178	89000000	89500000	1.779919	-2.478313	1.282999
179	89500000	90000000	1.812455	-2.556509	1.206621
180	90000000	90500000	1.594464	-2.584717	1.245494
181	90500000	91000000	1.604318	-2.525261	1.370233
182	91000000	91500000	1.590443	-2.436295	1.493154
183	91500000	92000000	1.456455	-2.365927	1.559438
184	92000000	92500000	1.376526	-2.261059	1.709835
185	92500000	93000000	1.294751	-2.182790	1.809615
186	93000000	93500000	0.978734	-2.038335	1.854085
187	93500000	94000000	0.811569	-1.904388	1.820756
188	94000000	94500000	0.631174	-1.855749	1.823919
189	94500000	95000000	0.562732	-1.858395	1.825849
190	95000000	95500000	0.693103	-1.771666	2.011684
191	95500000	96000000	0.807687	-1.572096	2.172049
192	96000000	96500000	0.867021	-1.331848	2.316060
193	96500000	97000000	0.892675	-1.229295	2.453277
194	97000000	97500000	0.822926	-1.254127	2.663551
195	97500000	98000000	0.607141	-1.264355	2.696709
196	98000000	98500000	0.509743	-1.137221	2.777227
197	98500000	99000000	0.486990	-1.013606	2.845390
198	99000000	99500000	0.444418	-0.926024	2.931193
199	99500000	100000000	0.481207	-0.836097	3.002132
200	100000000	100500000	0.682150	-0.646971	3.209041
201	100500000	101000000	0.936132	-0.336122	3.352399
202	101000000	101500000	1.210950	-0.050078	3.523732
203	101500000	102000000	1.302082	0.050530	3.515712
204	102000000	102500000	1.157580	-0.003206	3.504195
205	102500000	103000000	0.885031	-0.215865	3.410132
206	103000000	103500000	0.483133	-0.360109	3.114564
207	103500000	104000000	-0.148641	-0.707759	2.563450
208	104000000	104500000	-0.720725	-0.999187	1.992403
209	104500000	105000000	-1.279432	-1.366132	1.466975
210	105000000	105500000	-1.760475	-1.676473	1.086755
211	105500000	106000000	-2.048350	-1.919163	0.655370
212	106000000	106500000	-2.138348	-2.015898	0.304576
213	106500000	107000000	-2.140057	-2.200218	0.176467
214	107000000	107500000	-2.008696	-2.222856	0.205647
215	107500000	108000000	-2.086151	-2.276897	0.198138
216	108000000	108500000	-2.025295	-2.259087	0.319332
217	108500000	109000000	-1.780687	-2.263389	0.548196
218	109000000	109500000	-1.705372	-2.314207	0.807232
219	109500000	110000000	-1.762029	-2.321911	0.881278
220	110000000	110500000	-1.983222	-2.208730	0.924855
221	110500000	111000000	-1.953295	-2.141683	1.111385
222	111000000	111500000	-1.810447	-2.180231	1.318429
223	111500000	112000000	-1.845466	-2.142460	1.444111
224	112000000	112500000	-1.961929	-2.099473	1.421122
225	112500000	113000000	-2.029963	-2.053591	1.358114
226	113000000	113500000	-1.992198	-2.027914	1.422855
227	113500000	114000000	-1.901650	-2.013543	1.447319
228	114000000	114500000	-2.082710	-1.979189	1.240303
229	114500000	115000000	-2.179059	-1.896492	1.118560
230	115000000	115500000	-2.237993	-1.858768	1.098888
231	115500000	116000000	-2.284577	-1.763765	1.109663
232	116000000	116500000	-2.277143	-1.612548	1.204525
233	116500000	117000000	-2.305743	-1.463439	1.355511
234	117000000	117500000	-2.135089	-1.261287	1.653169
235	117500000	118000000	-1.760362	-1.001675	2.153941
236	118000000	118500000	-1.453282	-0.822699	2.516425
237	118500000	119000000	-1.325795	-0.654074	2.692453
238	119000000	119500000	-1.363054	-0.602407	2.707160
239	119500000	120000000	-1.447576	-0.492130	2.704039
240	120000000	120500000	-1.459869	-0.415216	2.689361
241	120500000	121000000	-1.457554	-0.399304	2.603679
242	121000000	121500000	-1.638601	-0.418639	2.551316
243	121500000	122000000	-1.651122	-0.388246	2.517016
244	122000000	122500000	-1.552022	-0.339214	2.537914
245	122500000	123000000	-1.459686	-0.156645	2.722286
246	123000000	123500000	-1.262099	-0.086909	2.785012
247	123500000	124000000	-1.302433	-0.003462	2.746228
248	124000000	124500000	-1.382983	0.056680	2.738171
249	124500000	125000000	-1.552171	0.010171	2.426960
250	125000000	125500000	-1.981405	-0.033683	2.129340
251	125500000	126000000	-2.356664	-0.029274	1.804880
252	126000000	126500000	-2.601635	-0.170606	1.456491
253	126500000	127000000	-2.888081	-0.199259	1.252969
254	127000000	127500000	-3.066287	-0.182726	1.091179
255	127500000	128000000	-3.256528	-0.180530	0.953499
256	128000000	128500000	-3.341493	-0.079081	1.011452
257	128500000	129000000	-3.213321	-0.017067	1.054080
258	129000000	129500000	-3.192075	-0.033380	1.101875
259	129500000	130000000	-3.298640	0.099138	1.082393
260	130000000	130500000	-3.352769	0.237901	1.075131
261	130500000	131000000	-3.200691	0.291499	1.205871
262	131000000	131500000	-3.137335	0.433530	1.356929
263	131500000	132000000	-3.033216	0.543061	1.491262
264	132000000	132500000	-3.124547	0.719599	1.640545
265	132500000	133000000	-3.040797	0.851208	1.779517
266	133000000	133500000	-2.915279	0.940048	1.983753
267	133500000	134000000	-2.854126	0.999004	2.136689
