# Chromosome: chr10, Resolution: 500000bp
# Generated: 2026-09-02 10:47:30
bin	start	end	x	y	z
0	0	500000	0.699874	3.018915	1.247360
1	500000	1000000	0.420761	3.009873	1.089489
2	1000000	1500000	0.335624	3.091787	0.992482
3	1500000	2000000	0.392335	3.136965	0.987965
4	2000000	2500000	0.480276	3.093625	0.829471
5	2500000	3000000	0.465492	3.120687	0.691509
6	3000000	3500000	0.411747	3.192429	0.616519
7	3500000	4000000	0.396818	3.280096	0.560411
8	4000000	4500000	0.727641	3.231544	0.542469
9	4500000	5000000	1.025898	3.112366	0.516867
10	5000000	5500000	1.108623	3.102321	0.367236
11	5500000	6000000	1.113228	3.043968	0.247250
12	6000000	6500000	1.172012	3.057086	0.146758
13	6500000	7000000	1.128201	3.033799	-0.003364
14	7000000	7500000	1.060445	3.167282	-0.075508
15	7500000	8000000	0.776730	3.401421	-0.099807
16	8000000	8500000	0.369768	3.558917	-0.246392
17	8500000	9000000	0.096989	3.660298	-0.306235
18	9000000	9500000	-0.098294	3.755974	-0.340998
19	9500000	10000000	-0.103707	3.651261	-0.397443
20	10000000	10500000	0.228099	3.555106	-0.370062
21	10500000	11000000	0.666184	3.277765	-0.319750
22	11000000	11500000	1.066745	2.977658	-0.335461
23	11500000	12000000	1.547112	2.786576	-0.224065
24	12000000	12500000	1.949578	2.539792	-0.122378
25	12500000	13000000	2.126646	2.390800	-0.047906
26	13000000	13500000	2.284760	2.269148	-0.041796
27	13500000	14000000	2.209737	2.257635	-0.134609
28	14000000	14500000	1.907012	2.422698	-0.311844
29	14500000	15000000	1.636624	2.677649	-0.528836
30	15000000	15500000	1.397158	2.776842	-0.736345
31	15500000	16000000	1.108243	2.879691	-0.936917
32	16000000	16500000	0.976497	3.013698	-1.185045
33	16500000	17000000	0.673134	3.153174	-1.383231
34	17000000	17500000	0.373006	3.285705	-1.548068
35	17500000	18000000	0.115392	3.271677	-1.619591
36	18000000	18500000	-0.086011	3.153998	-1.685269
37	18500000	19000000	-0.327633	3.112689	-1.725653
38	19000000	19500000	-0.504729	3.116588	-1.834913
39	19500000	20000000	-0.513722	3.021917	-1.922275
40	20000000	20500000	-0.222745	2.992025	-1.901884
41	20500000	21000000	0.014062	2.872071	-2.016479
42	21000000	21500000	0.366870	2.725340	-2.086016
43	21500000	22000000	0.571452	2.661714	-2.183554
44	22000000	22500000	0.634756	2.665597	-2.452919
45	22500000	23000000	0.911019	2.584027	-2.558961
46	23000000	23500000	0.979821	2.531162	-2.501979
47	23500000	24000000	0.565914	2.523958	-2.649422
48	24000000	24500000	0.348344	2.476574	-2.603673
49	24500000	25000000	0.302237	2.438527	-2.599841
50	25000000	25500000	0.449082	2.280487	-2.541444
51	25500000	26000000	0.773502	2.154174	-2.272254
52	26000000	26500000	0.622556	2.060350	-2.153503
53	26500000	27000000	0.551704	2.003720	-2.194692
54	27000000	27500000	0.602103	1.911680	-1.993363
55	27500000	28000000	0.603476	1.899039	-1.825258
56	28000000	28500000	0.481043	1.905517	-1.674638
57	28500000	29000000	0.576837	1.941192	-1.586003
58	29000000	29500000	0.601359	1.832317	-1.589350
59	29500000	30000000	1.023003	1.792370	-1.610106
60	30000000	30500000	1.305646	1.716262	-1.633196
61	30500000	31000000	1.620509	1.673827	-1.707211
62	31000000	31500000	1.610267	1.591738	-1.910194
63	31500000	32000000	1.438681	1.606849	-2.090532
64	32000000	32500000	0.861329	1.709705	-2.057456
65	32500000	33000000	0.462994	1.817200	-2.231181
66	33000000	33500000	0.093358	1.818225	-2.224004
67	33500000	34000000	-0.452258	1.968349	-2.236064
68	34000000	34500000	-1.002872	2.029651	-2.321489
69	34500000	35000000	-1.238001	2.113302	-2.221029
70	35000000	35500000	-1.420085	2.153788	-2.156491
71	35500000	36000000	-1.654457	2.145353	-2.259880
72	36000000	36500000	-1.904564	2.205928	-2.097546
73	36500000	37000000	-2.304422	2.303337	-2.005174
74	37000000	37500000	-2.520462	2.361354	-1.876202
75	37500000	38000000	-2.768394	2.422026	-1.697025
76	38000000	38500000	-3.064864	2.624694	-1.215629
77	38500000	39000000	-2.664402	2.840454	-0.340878
78	39000000	39500000	-2.150540	3.028108	0.556823
79	39500000	40000000	-1.995833	3.266735	1.332361
80	40000000	40500000	-2.267691	3.276725	1.460801
81	40500000	41000000	-2.361692	3.069466	1.423205
82	41000000	41500000	-2.173302	2.830098	1.339794
83	41500000	42000000	-1.840929	2.471825	0.981622
84	42000000	42500000	-2.154846	2.052853	0.121744
85	42500000	43000000	-2.256504	1.581845	-0.672720
86	43000000	43500000	-2.081463	1.047991	-1.418665
87	43500000	44000000	-1.146145	0.651628	-1.845522
88	44000000	44500000	-0.182312	0.406452	-1.881484
89	44500000	45000000	0.477008	0.201646	-2.009655
90	45000000	45500000	1.163430	-0.201952	-2.386056
91	45500000	46000000	1.661625	-0.393249	-2.414495
92	46000000	46500000	2.367207	-0.603193	-2.695129
93	46500000	47000000	2.762858	-0.738130	-2.744714
94	47000000	47500000	2.736054	-0.750161	-2.403398
95	47500000	48000000	2.598110	-0.783760	-2.342263
96	48000000	48500000	2.507797	-0.853588	-2.276282
97	48500000	49000000	2.288217	-0.750972	-2.054939
98	49000000	49500000	2.109941	-0.776577	-2.214368
99	49500000	50000000	1.400842	-0.749824	-2.218717
100	50000000	50500000	0.982175	-0.794055	-2.320276
101	50500000	51000000	0.578231	-0.809157	-2.570649
102	51000000	51500000	0.130179	-0.792113	-2.740974
103	51500000	52000000	-0.323314	-0.725229	-2.806821
104	52000000	52500000	-0.804764	-0.668877	-2.938414
105	52500000	53000000	-1.157128	-0.651228	-2.842815
106	53000000	53500000	-1.311833	-0.652983	-2.724427
107	53500000	54000000	-1.445222	-0.625069	-2.811435
108	54000000	54500000	-1.462386	-0.685082	-2.860913
109	54500000	55000000	-1.463571	-0.758967	-2.842416
110	55000000	55500000	-1.447715	-0.793915	-2.753101
111	55500000	56000000	-1.404085	-0.886830	-2.652381
112	56000000	56500000	-1.272469	-0.954694	-2.605553
113	56500000	57000000	-1.090305	-1.040440	-2.707329
114	57000000	57500000	-0.986189	-1.148228	-2.561248
115	57500000	58000000	-0.832064	-1.241884	-2.449708
116	58000000	58500000	-0.685364	-1.290668	-2.366584
117	58500000	59000000	-0.506393	-1.481556	-2.478314
118	59000000	59500000	-0.392589	-1.625240	-2.519495
119	59500000	60000000	-0.434817	-1.789837	-2.702761
120	60000000	60500000	-0.358767	-1.888379	-2.536151
121	60500000	61000000	-0.219685	-1.926865	-2.471462
122	61000000	61500000	-0.091351	-2.039880	-2.431692
123	61500000	62000000	0.072576	-2.116763	-2.380393
124	62000000	62500000	0.039967	-2.041364	-2.178760
125	62500000	63000000	-0.250192	-1.920875	-2.099287
126	63000000	63500000	-0.432025	-1.829404	-1.924969
127	63500000	64000000	-0.785377	-1.811032	-1.968669
128	64000000	64500000	-1.157387	-1.725317	-1.961641
129	64500000	65000000	-1.594605	-1.552519	-1.913696
130	65000000	65500000	-1.997755	-1.479060	-1.869833
131	65500000	66000000	-2.254403	-1.555760	-1.974095
132	66000000	66500000	-1.761036	-1.769045	-2.033540
133	66500000	67000000	-1.118257	-1.829745	-1.891091
134	67000000	67500000	-0.468728	-1.717874	-1.582532
135	67500000	68000000	0.290749	-1.681237	-1.369936
136	68000000	68500000	0.911928	-1.575160	-1.030390
137	68500000	69000000	1.620797	-1.393766	-0.718136
138	69000000	69500000	2.321974	-1.181277	-0.285598
139	69500000	70000000	2.614706	-0.782313	0.238894
140	70000000	70500000	2.810834	-0.589127	0.512843
141	70500000	71000000	3.030665	-0.497383	0.640107
142	71000000	71500000	3.213191	-0.415527	0.752820
143	71500000	72000000	3.516065	-0.400722	0.823680
144	72000000	72500000	3.617368	-0.470448	0.763029
145	72500000	73000000	3.804023	-0.541031	0.656602
146	73000000	73500000	3.943476	-0.733158	0.423420
147	73500000	74000000	3.841133	-0.882773	0.265238
148	74000000	74500000	3.286671	-1.235807	0.060890
149	74500000	75000000	2.553786	-1.667886	-0.117364
150	75000000	75500000	1.926995	-1.941364	-0.370280
151	75500000	76000000	1.440417	-2.145446	-0.435779
152	76000000	76500000	1.078557	-2.469309	-0.549999
153	76500000	77000000	0.654975	-2.619201	-0.439116
154	77000000	77500000	0.371431	-2.653175	-0.378582
155	77500000	78000000	0.522542	-2.517049	-0.210904
156	78000000	78500000	0.700582	-2.510014	-0.188813
157	78500000	79000000	0.710507	-2.412484	-0.085312
158	79000000	79500000	0.460243	-2.479162	-0.160493
159	79500000	80000000	-0.004766	-2.341798	-0.166650
160	80000000	80500000	-0.436018	-2.353077	-0.311887
161	80500000	81000000	-0.800538	-2.423314	-0.413696
162	81000000	81500000	-1.182688	-2.534164	-0.577734
163	81500000	82000000	-1.460567	-2.435471	-0.595550
164	82000000	82500000	-1.626494	-2.581524	-0.677239
165	82500000	83000000	-1.576500	-2.537697	-0.558008
166	83000000	83500000	-1.527831	-2.661205	-0.471231
167	83500000	84000000	-1.377263	-2.539641	-0.335110
168	84000000	84500000	-1.160813	-2.630849	-0.217656
169	84500000	85000000	-0.914778	-2.704514	-0.026370
170	85000000	85500000	-0.445687	-2.703547	0.153992
171	85500000	86000000	0.139084	-2.828367	0.256603
172	86000000	86500000	0.589119	-2.810045	0.326082
173	86500000	87000000	1.191672	-2.718715	0.484437
174	87000000	87500000	1.738109	-2.744346	0.575113
175	87500000	88000000	2.125833	-2.669644	0.634999
176	88000000	88500000	2.335998	-2.591827	0.658398
177	88500000	89000000	2.245123	-2.657524	0.684796
178	89000000	89500000	2.009926	-2.625843	0.777272
179	89500000	90000000	1.974166	-2.740206	0.875563
180	90000000	90500000	1.801455	-2.740975	0.895237
181	90500000	91000000	1.795011	-2.727121	0.991448
182	91000000	91500000	1.824681	-2.689370	1.132649
183	91500000	92000000	1.822827	-2.470465	1.212253
184	92000000	92500000	1.812155	-2.344902	1.366245
185	92500000	93000000	1.768735	-2.260952	1.494457
186	93000000	93500000	1.524336	-2.133728	1.534907
187	93500000	94000000	1.369419	-2.045775	1.557619
188	94000000	94500000	1.214422	-2.054820	1.578811
189	94500000	95000000	1.147333	-2.002585	1.662463
190	95000000	95500000	1.311107	-2.024330	1.791174
191	95500000	96000000	1.487684	-1.846457	1.861062
192	96000000	96500000	1.549720	-1.645435	1.952491
193	96500000	97000000	1.635980	-1.531768	2.047023
194	97000000	97500000	1.656823	-1.524057	2.261539
195	97500000	98000000	1.513366	-1.446749	2.359966
196	98000000	98500000	1.528469	-1.278722	2.397321
197	98500000	99000000	1.489667	-1.101526	2.498543
198	99000000	99500000	1.447308	-0.987768	2.596945
199	99500000	100000000	1.538493	-0.848241	2.645691
200	100000000	100500000	1.760848	-0.700418	2.809448
201	100500000	101000000	2.102520	-0.409007	2.873076
202	101000000	101500000	2.420653	-0.297834	2.964667
203	101500000	102000000	2.469652	-0.248456	2.985494
204	102000000	102500000	2.334035	-0.366728	2.980184
205	102500000	103000000	2.049108	-0.591881	2.987273
206	103000000	103500000	1.514922	-0.717979	2.814131
207	103500000	104000000	0.718548	-0.945439	2.499346
208	104000000	104500000	-0.101094	-1.207979	2.133579
209	104500000	105000000	-0.919298	-1.435040	1.844897
210	105000000	105500000	-1.572063	-1.712569	1.666197
211	105500000	106000000	-2.029065	-1.890619	1.395769
212	106000000	106500000	-2.340741	-1.902856	1.059904
213	106500000	107000000	-2.438845	-2.007864	0.953365
214	107000000	107500000	-2.345461	-1.989465	0.937888
215	107500000	108000000	-2.429071	-2.006379	0.953131
216	108000000	108500000	-2.239531	-1.994943	1.033632
217	108500000	109000000	-1.966176	-1.990454	1.158511
218	109000000	109500000	-1.801659	-2.059173	1.378451
219	109500000	110000000	-1.797375	-2.106043	1.564507
220	110000000	110500000	-1.877741	-2.089345	1.740960
221	110500000	111000000	-1.722144	-2.139054	1.887834
222	111000000	111500000	-1.500445	-2.119705	2.102362
223	111500000	112000000	-1.541598	-2.070544	2.234482
224	112000000	112500000	-1.639210	-1.973413	2.209328
225	112500000	113000000	-1.708685	-1.931419	2.177284
226	113000000	113500000	-1.599321	-1.955907	2.162431
227	113500000	114000000	-1.610451	-1.864972	1.997188
228	114000000	114500000	-1.866763	-1.744212	1.896921
229	114500000	115000000	-2.037189	-1.665121	1.724045
230	115000000	115500000	-2.132777	-1.555645	1.638342
231	115500000	116000000	-2.211517	-1.515928	1.689542
232	116000000	116500000	-2.202989	-1.312680	1.767727
233	116500000	117000000	-2.177001	-1.145716	1.935736
234	117000000	117500000	-1.809876	-0.985137	2.300313
235	117500000	118000000	-1.260275	-0.830471	2.624219
236	118000000	118500000	-0.792171	-0.711373	2.911257
237	118500000	119000000	-0.566213	-0.638311	3.131990
238	119000000	119500000	-0.475628	-0.515767	3.229048
239	119500000	120000000	-0.498944	-0.432819	3.235353
240	120000000	120500000	-0.420051	-0.371317	3.186080
241	120500000	121000000	-0.452465	-0.380716	3.096257
242	121000000	121500000	-0.628898	-0.349104	3.067050
243	121500000	122000000	-0.610585	-0.339987	3.006155
244	122000000	122500000	-0.459684	-0.305790	2.956822
245	122500000	123000000	-0.286862	-0.201810	3.048164
246	123000000	123500000	-0.070343	-0.153032	3.053691
247	123500000	124000000	-0.188564	-0.043965	3.070843
248	124000000	124500000	-0.331751	-0.040003	3.066917
249	124500000	125000000	-0.613601	-0.042102	2.862134
250	125000000	125500000	-1.144789	0.054986	2.771102
251	125500000	126000000	-1.664364	0.119089	2.648619
252	126000000	126500000	-2.097144	0.108268	2.374888
253	126500000	127000000	-2.421692	0.126671	2.317940
254	127000000	127500000	-2.602723	0.132584	2.240704
255	127500000	128000000	-2.800463	0.171616	2.182559
256	128000000	128500000	-2.818685	0.231368	2.271178
257	128500000	129000000	-2.682125	0.213474	2.290912
258	129000000	129500000	-2.650080	0.299903	2.295499
259	129500000	130000000	-2.773708	0.379115	2.308692
260	130000000	130500000	-2.837677	0.513166	2.295992
261	130500000	131000000	-2.630668	0.578277	2.366216
262	131000000	131500000	-2.420454	0.763921	2.508966
263	131500000	132000000	-2.354237	0.871133	2.610344
264	132000000	132500000	-2.378069	1.068943	2.776644
265	132500000	133000000	-2.211193	1.112630	2.889862
266	133000000	133500000	-1.942998	1.186316	3.095074
267	133500000	134000000	-1.815631	1.236970	3.249989
