# Chromosome: chr4, Resolution: 500000bp
# Generated: 2026-07-31 11:26:49
bin	start	end	x	y	z
0	0	500000	-1.887017	-0.455235	-4.313168
1	500000	1000000	-1.725697	-0.515137	-4.317174
2	1000000	1500000	-1.623994	-0.578854	-4.331674
3	1500000	2000000	-1.490331	-0.573478	-4.351904
4	2000000	2500000	-1.298002	-0.551053	-4.407140
5	2500000	3000000	-1.107393	-0.421383	-4.385529
6	3000000	3500000	-0.889236	-0.158365	-4.356477
7	3500000	4000000	-0.754034	0.068904	-4.332773
8	4000000	4500000	-0.719003	0.274038	-4.308498
9	4500000	5000000	-0.616494	0.505837	-4.270193
10	5000000	5500000	-0.588682	0.620874	-4.257899
11	5500000	6000000	-0.503457	0.682473	-4.213784
12	6000000	6500000	-0.618462	0.713251	-4.208816
13	6500000	7000000	-0.580846	0.640312	-4.236674
14	7000000	7500000	-0.574892	0.722827	-4.190667
15	7500000	8000000	-0.780117	0.857456	-4.154545
16	8000000	8500000	-0.790577	0.998922	-4.113271
17	8500000	9000000	-0.656484	1.191635	-3.931004
18	9000000	9500000	-0.600654	1.408551	-3.839556
19	9500000	10000000	-0.432247	1.580904	-3.744989
20	10000000	10500000	-0.532765	1.857941	-3.628889
21	10500000	11000000	-0.566998	2.136214	-3.454383
22	11000000	11500000	-0.350868	2.388536	-3.281260
23	11500000	12000000	-0.493131	2.544964	-3.204103
24	12000000	12500000	-0.725681	2.723225	-3.231722
25	12500000	13000000	-0.843057	2.861570	-3.165873
26	13000000	13500000	-0.873446	2.897461	-3.142638
27	13500000	14000000	-0.740937	2.881582	-3.103172
28	14000000	14500000	-0.512298	2.684537	-3.252576
29	14500000	15000000	-0.351559	2.590966	-3.278880
30	15000000	15500000	-0.130273	2.664139	-3.186688
31	15500000	16000000	0.045732	2.713376	-3.135361
32	16000000	16500000	0.136726	2.777486	-3.100830
33	16500000	17000000	0.226738	2.916492	-2.958722
34	17000000	17500000	0.205508	3.124360	-2.777194
35	17500000	18000000	0.013380	3.450763	-2.473560
36	18000000	18500000	-0.075436	3.684038	-2.275172
37	18500000	19000000	-0.042168	3.774098	-2.188557
38	19000000	19500000	0.032736	3.830818	-2.098567
39	19500000	20000000	0.176705	3.931183	-1.888138
40	20000000	20500000	0.183700	4.047766	-1.753453
41	20500000	21000000	0.369381	3.979969	-1.773758
42	21000000	21500000	0.535892	3.981093	-1.707216
43	21500000	22000000	0.632900	3.953802	-1.610037
44	22000000	22500000	0.628165	4.027241	-1.409683
45	22500000	23000000	0.735154	3.960470	-1.466427
46	23000000	23500000	0.813324	3.728079	-1.699284
47	23500000	24000000	0.948940	3.439475	-1.963198
48	24000000	24500000	1.035377	3.296613	-2.048040
49	24500000	25000000	1.238787	2.960123	-2.313896
50	25000000	25500000	1.487074	2.694339	-2.608176
51	25500000	26000000	1.744937	2.488957	-2.829374
52	26000000	26500000	1.794192	2.583068	-2.621046
53	26500000	27000000	1.824472	2.743608	-2.403847
54	27000000	27500000	1.786962	3.056609	-1.964189
55	27500000	28000000	1.760202	3.304125	-1.632717
56	28000000	28500000	1.718360	3.625482	-1.216927
57	28500000	29000000	1.731283	3.780549	-1.017359
58	29000000	29500000	1.707862	3.838259	-0.889762
59	29500000	30000000	1.781666	3.768952	-0.862093
60	30000000	30500000	1.914530	3.792648	-0.723235
61	30500000	31000000	2.071462	3.646447	-0.791696
62	31000000	31500000	2.199597	3.546464	-0.771291
63	31500000	32000000	2.260531	3.513881	-0.729748
64	32000000	32500000	2.252732	3.593065	-0.405812
65	32500000	33000000	2.316015	3.618313	-0.142364
66	33000000	33500000	2.310159	3.725285	0.274530
67	33500000	34000000	2.305952	3.592619	0.215367
68	34000000	34500000	2.350491	3.507099	0.203908
69	34500000	35000000	2.299612	3.191620	-0.172647
70	35000000	35500000	2.342831	2.860825	-0.560428
71	35500000	36000000	2.363120	2.583036	-0.943446
72	36000000	36500000	2.261351	2.114896	-1.555856
73	36500000	37000000	2.153568	1.566411	-2.353901
74	37000000	37500000	2.016003	1.175297	-2.742630
75	37500000	38000000	1.808152	0.704431	-3.270653
76	38000000	38500000	1.692570	0.420254	-3.476019
77	38500000	39000000	1.562843	0.126706	-3.643033
78	39000000	39500000	1.446777	-0.205916	-3.906145
79	39500000	40000000	1.564859	-0.158251	-3.797455
80	40000000	40500000	1.780011	-0.044963	-3.716989
81	40500000	41000000	1.984964	0.084924	-3.596856
82	41000000	41500000	2.273472	0.324709	-3.308594
83	41500000	42000000	2.684731	0.744790	-2.747387
84	42000000	42500000	3.074403	1.102288	-2.308290
85	42500000	43000000	3.381916	1.511407	-1.880886
86	43000000	43500000	3.539947	1.809801	-1.408932
87	43500000	44000000	3.607419	2.092752	-0.855642
88	44000000	44500000	3.632343	2.401463	-0.349079
89	44500000	45000000	3.632350	2.682446	0.125852
90	45000000	45500000	3.532425	2.755498	0.170358
91	45500000	46000000	3.418199	2.716463	0.035528
92	46000000	46500000	3.285805	2.401892	-0.335650
93	46500000	47000000	3.061249	2.087413	-0.767259
94	47000000	47500000	2.862307	1.739867	-1.327316
95	47500000	48000000	2.031943	1.081644	-1.975756
96	48000000	48500000	1.124092	0.334346	-2.605907
97	48500000	49000000	0.183164	-0.371457	-3.074195
98	49000000	49500000	-0.065434	-0.068704	-2.479522
99	49500000	50000000	-0.778490	-0.483466	-2.548883
100	50000000	50500000	-1.143193	-0.875232	-2.765363
101	50500000	51000000	-0.887347	-0.894002	-2.546708
102	51000000	51500000	-0.096816	-0.665485	-2.293680
103	51500000	52000000	0.781017	-0.503913	-2.229266
104	52000000	52500000	1.586490	-0.207651	-2.062601
105	52500000	53000000	1.853848	-0.816367	-2.718432
106	53000000	53500000	2.728554	-0.467388	-2.421838
107	53500000	54000000	3.281033	-0.205558	-2.058539
108	54000000	54500000	3.176861	-0.363226	-2.118163
109	54500000	55000000	3.215358	-0.483198	-2.145001
110	55000000	55500000	3.188865	-0.458698	-1.975876
111	55500000	56000000	3.348821	-0.440264	-1.783815
112	56000000	56500000	3.486690	-0.400978	-1.596861
113	56500000	57000000	3.539869	-0.324665	-1.395748
114	57000000	57500000	3.652355	-0.198344	-1.142985
115	57500000	58000000	3.854504	-0.096670	-0.853561
116	58000000	58500000	3.962488	-0.033060	-0.555226
117	58500000	59000000	4.112536	0.093121	-0.253582
118	59000000	59500000	4.175420	0.090114	-0.015222
119	59500000	60000000	4.130989	0.156133	0.200050
120	60000000	60500000	4.107824	0.281556	0.460503
121	60500000	61000000	4.077886	0.357177	0.663996
122	61000000	61500000	3.974554	0.437195	0.840838
123	61500000	62000000	3.977576	0.536133	1.070743
124	62000000	62500000	3.956143	0.553628	1.268970
125	62500000	63000000	3.942649	0.646136	1.401504
126	63000000	63500000	3.930089	0.535092	1.533158
127	63500000	64000000	3.854545	0.297772	1.515948
128	64000000	64500000	3.882530	0.038873	1.451773
129	64500000	65000000	3.939001	-0.178799	1.454959
130	65000000	65500000	3.904886	-0.361035	1.471261
131	65500000	66000000	3.830271	-0.622023	1.301846
132	66000000	66500000	3.663019	-0.902033	1.057559
133	66500000	67000000	3.606740	-0.709225	1.201439
134	67000000	67500000	3.512426	-0.234278	1.436720
135	67500000	68000000	3.402724	0.153756	1.626094
136	68000000	68500000	3.297237	0.056900	1.622033
137	68500000	69000000	3.356939	-0.063801	1.437103
138	69000000	69500000	3.444573	-0.067295	1.176548
139	69500000	70000000	3.624337	-0.121439	1.337617
140	70000000	70500000	3.641716	-0.520543	1.011880
141	70500000	71000000	3.782099	-1.029940	0.945653
142	71000000	71500000	3.904484	-1.563081	0.517475
143	71500000	72000000	3.935366	-1.678138	0.258557
144	72000000	72500000	3.802595	-1.747428	0.089568
145	72500000	73000000	3.670791	-1.854322	0.100232
146	73000000	73500000	3.517311	-1.931441	-0.226916
147	73500000	74000000	3.310099	-1.983135	-0.471317
148	74000000	74500000	2.948106	-2.208073	-1.223290
149	74500000	75000000	2.564066	-2.253698	-1.472033
150	75000000	75500000	2.279682	-2.195865	-1.718044
151	75500000	76000000	2.016379	-2.227841	-1.979641
152	76000000	76500000	1.710778	-2.243056	-2.280057
153	76500000	77000000	1.492446	-2.305861	-2.440435
154	77000000	77500000	1.317049	-2.400923	-2.735286
155	77500000	78000000	1.433373	-2.546092	-2.663712
156	78000000	78500000	1.597684	-2.695149	-2.564171
157	78500000	79000000	1.656228	-2.778842	-2.599054
158	79000000	79500000	1.624130	-2.920836	-2.621943
159	79500000	80000000	1.746651	-3.048342	-2.448495
160	80000000	80500000	1.875622	-3.073324	-2.330696
161	80500000	81000000	2.031851	-3.058379	-2.147969
162	81000000	81500000	1.773081	-3.008233	-2.166189
163	81500000	82000000	1.420647	-3.034294	-2.292974
164	82000000	82500000	1.464395	-3.063308	-1.989899
165	82500000	83000000	1.751621	-2.939539	-1.395129
166	83000000	83500000	1.926059	-2.842447	-0.957348
167	83500000	84000000	1.897090	-2.775869	-0.690921
168	84000000	84500000	1.794708	-2.801835	-0.511007
169	84500000	85000000	1.881213	-2.909875	-0.333573
170	85000000	85500000	1.813524	-2.913160	-0.373092
171	85500000	86000000	1.617823	-2.903774	-0.478014
172	86000000	86500000	1.309012	-2.984830	-0.708743
173	86500000	87000000	1.113116	-3.021094	-0.835262
174	87000000	87500000	1.117156	-3.162382	-0.856225
175	87500000	88000000	1.129686	-3.249273	-0.785634
176	88000000	88500000	1.282300	-3.327479	-0.623775
177	88500000	89000000	1.587243	-3.436638	-0.136292
178	89000000	89500000	1.681292	-3.640129	0.139787
179	89500000	90000000	1.726276	-3.761601	0.226178
180	90000000	90500000	1.723863	-3.979899	0.104261
181	90500000	91000000	1.779212	-4.044778	0.214689
182	91000000	91500000	1.688382	-4.189196	0.271366
183	91500000	92000000	1.457482	-4.183939	0.278772
184	92000000	92500000	1.257055	-4.168778	0.111615
185	92500000	93000000	1.068700	-4.111933	-0.042633
186	93000000	93500000	0.936688	-4.035907	-0.093506
187	93500000	94000000	0.696262	-3.941778	-0.156020
188	94000000	94500000	0.105273	-3.867139	-0.623715
189	94500000	95000000	-0.269858	-3.728870	-1.007261
190	95000000	95500000	-0.544668	-3.670109	-1.303578
191	95500000	96000000	-0.844192	-3.629272	-1.451495
192	96000000	96500000	-0.445809	-3.382903	-0.997185
193	96500000	97000000	-0.636789	-3.420054	-1.260734
194	97000000	97500000	-0.776151	-3.352071	-1.248534
195	97500000	98000000	-0.691351	-3.388430	-1.091763
196	98000000	98500000	-0.576641	-3.389288	-0.859979
197	98500000	99000000	-0.576582	-3.363283	-0.731846
198	99000000	99500000	-0.538940	-3.391124	-0.587759
199	99500000	100000000	-1.214341	-3.672913	-1.054351
200	100000000	100500000	-1.160844	-3.686370	-0.810945
201	100500000	101000000	-1.103271	-3.709111	-0.626619
202	101000000	101500000	-1.149079	-3.734419	-0.485990
203	101500000	102000000	-1.131300	-3.869804	-0.303531
204	102000000	102500000	-1.000636	-3.925902	-0.020432
205	102500000	103000000	-0.992589	-3.958883	0.209942
206	103000000	103500000	-0.991931	-3.933665	0.384188
207	103500000	104000000	-1.070847	-3.915618	0.580088
208	104000000	104500000	-1.128251	-3.961409	0.736002
209	104500000	105000000	-1.073733	-3.983736	0.999242
210	105000000	105500000	-0.653646	-3.719002	1.331455
211	105500000	106000000	-0.273267	-3.510511	1.604850
212	106000000	106500000	0.193009	-3.362777	1.818653
213	106500000	107000000	0.560338	-3.318334	2.017160
214	107000000	107500000	0.853637	-3.180462	2.139094
215	107500000	108000000	1.045677	-3.190287	2.310486
216	108000000	108500000	1.207849	-3.044177	2.330965
217	108500000	109000000	0.941469	-3.098210	2.212973
218	109000000	109500000	0.808811	-3.145355	2.213365
219	109500000	110000000	0.716597	-3.107428	2.340261
220	110000000	110500000	0.738733	-2.958679	2.471189
221	110500000	111000000	0.533194	-2.989310	2.522341
222	111000000	111500000	0.398442	-2.890980	2.536757
223	111500000	112000000	0.269995	-2.870446	2.616464
224	112000000	112500000	0.159542	-2.882266	2.637091
225	112500000	113000000	-0.002839	-2.848612	2.684844
226	113000000	113500000	-0.152342	-2.827291	2.645368
227	113500000	114000000	-0.309667	-2.879130	2.639837
228	114000000	114500000	-0.279922	-2.791698	2.734214
229	114500000	115000000	-0.161985	-2.602231	2.957132
230	115000000	115500000	-0.000219	-2.449167	3.128090
231	115500000	116000000	0.114751	-2.281526	3.417895
232	116000000	116500000	0.353426	-2.109059	3.555909
233	116500000	117000000	0.545134	-1.919291	3.674631
234	117000000	117500000	0.713227	-1.718319	3.746774
235	117500000	118000000	0.835694	-1.581217	3.774121
236	118000000	118500000	0.896020	-1.469610	3.698523
237	118500000	119000000	0.959055	-1.333291	3.793136
238	119000000	119500000	0.928177	-1.158597	3.754332
239	119500000	120000000	0.644480	-1.182357	3.539282
240	120000000	120500000	0.362432	-1.159318	3.376566
241	120500000	121000000	0.413572	-1.056300	3.330964
242	121000000	121500000	0.321344	-0.994121	3.269010
243	121500000	122000000	0.330448	-0.911689	3.143392
244	122000000	122500000	0.460971	-0.803035	3.053007
245	122500000	123000000	0.709045	-0.696491	3.075602
246	123000000	123500000	1.033782	-0.377782	3.251039
247	123500000	124000000	1.296119	-0.169131	3.397650
248	124000000	124500000	1.251227	-0.012269	3.455649
249	124500000	125000000	1.466059	0.257164	3.603307
250	125000000	125500000	1.604541	0.594291	3.779396
251	125500000	126000000	1.588640	0.822410	3.785069
252	126000000	126500000	1.492745	0.971421	3.790217
253	126500000	127000000	1.339693	0.973125	3.839741
254	127000000	127500000	1.091584	1.058425	3.735856
255	127500000	128000000	0.878351	1.034928	3.745008
256	128000000	128500000	0.800429	1.185540	3.713112
257	128500000	129000000	0.653360	1.191650	3.698187
258	129000000	129500000	0.469614	1.220652	3.711869
259	129500000	130000000	0.422358	1.401881	3.661469
260	130000000	130500000	0.425814	1.705858	3.576688
261	130500000	131000000	0.461404	1.700303	3.680677
262	131000000	131500000	0.452209	1.733823	3.676901
263	131500000	132000000	0.291803	1.596543	3.790366
264	132000000	132500000	0.121998	1.443974	3.894198
265	132500000	133000000	-0.031576	1.244786	3.990394
266	133000000	133500000	-0.349729	0.846264	4.077916
267	133500000	134000000	-0.696093	0.319696	4.149193
268	134000000	134500000	-0.897921	0.225302	4.197074
269	134500000	135000000	-1.072803	-0.028678	4.214885
270	135000000	135500000	-1.344188	-0.297451	4.120960
271	135500000	136000000	-1.499871	-0.515257	3.960924
272	136000000	136500000	-1.715724	-0.794113	3.803156
273	136500000	137000000	-1.819669	-0.957454	3.570616
274	137000000	137500000	-1.947954	-1.020308	3.352652
275	137500000	138000000	-2.109250	-1.329958	2.990764
276	138000000	138500000	-2.251866	-1.454717	2.609678
277	138500000	139000000	-2.417786	-1.603446	2.358593
278	139000000	139500000	-2.657544	-1.815735	2.078540
279	139500000	140000000	-2.855058	-1.943764	1.766947
280	140000000	140500000	-3.025372	-2.074499	1.554386
281	140500000	141000000	-3.185953	-2.179802	1.386824
282	141000000	141500000	-3.306454	-2.288247	1.418355
283	141500000	142000000	-3.457379	-2.350196	1.271718
284	142000000	142500000	-3.488939	-2.466013	0.965569
285	142500000	143000000	-3.522883	-2.455968	0.663088
286	143000000	143500000	-3.552666	-2.410655	0.365321
287	143500000	144000000	-3.584966	-2.337433	0.127574
288	144000000	144500000	-3.550113	-2.280099	-0.047640
289	144500000	145000000	-3.524935	-2.092988	-0.255771
290	145000000	145500000	-3.495371	-1.927917	-0.205980
291	145500000	146000000	-3.547884	-1.821638	-0.132961
292	146000000	146500000	-3.546314	-1.665465	0.273316
293	146500000	147000000	-3.429383	-1.503293	0.773799
294	147000000	147500000	-3.376607	-1.281770	1.235593
295	147500000	148000000	-3.311772	-1.039480	1.598726
296	148000000	148500000	-3.353330	-0.823557	1.888375
297	148500000	149000000	-3.280702	-0.688066	2.120926
298	149000000	149500000	-3.167087	-0.526047	2.337984
299	149500000	150000000	-3.111582	-0.456563	2.247531
300	150000000	150500000	-3.095069	-0.414888	2.044687
301	150500000	151000000	-3.178424	-0.459957	1.838864
302	151000000	151500000	-3.319494	-0.617486	1.567511
303	151500000	152000000	-3.345425	-0.757206	1.381309
304	152000000	152500000	-3.445413	-0.805723	1.229486
305	152500000	153000000	-3.528911	-0.671750	1.273137
306	153000000	153500000	-3.478216	-0.529007	1.418763
307	153500000	154000000	-3.489848	-0.331149	1.678436
308	154000000	154500000	-3.366345	-0.078539	1.947135
309	154500000	155000000	-3.281679	0.230812	2.185827
310	155000000	155500000	-2.915119	0.802348	2.404003
311	155500000	156000000	-2.693759	1.195618	2.747072
312	156000000	156500000	-2.568633	1.419647	2.821306
313	156500000	157000000	-2.455741	1.614382	2.891771
314	157000000	157500000	-2.405427	1.757184	2.908900
315	157500000	158000000	-2.331164	1.763845	2.872139
316	158000000	158500000	-1.965925	2.059471	2.932493
317	158500000	159000000	-1.873031	2.071942	2.974462
318	159000000	159500000	-1.788081	2.098166	2.938149
319	159500000	160000000	-1.544160	2.285492	2.995751
320	160000000	160500000	-1.423977	2.458060	3.011672
321	160500000	161000000	-1.318049	2.583283	2.999496
322	161000000	161500000	-1.203001	2.871442	2.935469
323	161500000	162000000	-1.334171	2.792478	2.861431
324	162000000	162500000	-1.580869	2.659697	2.715018
325	162500000	163000000	-1.512548	2.913788	2.590464
326	163000000	163500000	-1.671527	2.880686	2.474096
327	163500000	164000000	-1.846592	2.635999	2.263531
328	164000000	164500000	-1.835506	2.736783	2.079556
329	164500000	165000000	-1.945257	2.727114	1.951736
330	165000000	165500000	-2.063926	2.747136	1.791785
331	165500000	166000000	-1.984102	2.993771	1.712133
332	166000000	166500000	-2.092019	3.035007	1.552463
333	166500000	167000000	-2.096919	3.149146	1.363005
334	167000000	167500000	-2.118234	3.272151	1.334698
335	167500000	168000000	-2.247549	3.110976	1.147630
336	168000000	168500000	-2.389019	2.898079	1.082391
337	168500000	169000000	-2.433317	2.927015	1.028397
338	169000000	169500000	-2.638373	2.732858	0.987842
339	169500000	170000000	-2.768402	2.688901	0.789285
340	170000000	170500000	-2.834363	2.675191	0.682886
341	170500000	171000000	-2.860827	2.835464	0.584785
342	171000000	171500000	-2.933504	2.847489	0.672539
343	171500000	172000000	-3.009477	2.846742	0.652321
344	172000000	172500000	-3.124415	2.756818	0.634378
345	172500000	173000000	-3.235650	2.678445	0.608149
346	173000000	173500000	-3.343005	2.405651	0.750548
347	173500000	174000000	-3.503210	2.191221	0.514336
348	174000000	174500000	-3.633412	2.065965	0.210939
349	174500000	175000000	-3.725353	1.906447	0.097087
350	175000000	175500000	-3.750966	1.926954	-0.066070
351	175500000	176000000	-3.714142	1.928272	-0.180877
352	176000000	176500000	-3.696655	1.971665	-0.427566
353	176500000	177000000	-3.709912	2.089317	-0.640471
354	177000000	177500000	-3.659147	2.197725	-0.540260
355	177500000	178000000	-3.593406	2.152651	-0.381323
356	178000000	178500000	-3.570581	2.288567	-0.463481
357	178500000	179000000	-3.567777	2.227387	-0.427244
358	179000000	179500000	-3.644515	2.117485	-0.525013
359	179500000	180000000	-3.711295	1.904147	-0.512758
360	180000000	180500000	-3.819307	1.572836	-0.480017
361	180500000	181000000	-3.904414	1.302837	-0.524987
362	181000000	181500000	-4.012430	1.077893	-0.625884
363	181500000	182000000	-4.016111	0.823600	-0.660000
364	182000000	182500000	-3.981323	0.651147	-0.783849
365	182500000	183000000	-4.008259	0.372113	-0.826287
366	183000000	183500000	-3.898930	0.175586	-0.865757
367	183500000	184000000	-3.801908	0.080860	-0.943352
368	184000000	184500000	-3.699024	0.012274	-0.893619
369	184500000	185000000	-3.623971	0.054233	-0.910867
370	185000000	185500000	-3.654804	0.058654	-1.194748
371	185500000	186000000	-3.668360	0.161292	-1.409692
372	186000000	186500000	-3.671838	0.269918	-1.579641
373	186500000	187000000	-3.737262	0.313001	-1.771375
374	187000000	187500000	-3.784105	0.279756	-1.980984
375	187500000	188000000	-3.861288	0.155558	-2.195171
376	188000000	188500000	-3.229177	0.695866	-1.728224
377	188500000	189000000	-3.119699	0.762694	-1.590115
378	189000000	189500000	-2.974032	0.752494	-1.440286
379	189500000	190000000	-2.710425	0.830883	-1.243634
