# Chromosome: chr12, Resolution: 500000bp
# Generated: 2026-07-31 11:29:36
bin	start	end	x	y	z
0	0	500000	-3.170442	1.760488	-2.498528
1	500000	1000000	-3.219570	1.826163	-2.474695
2	1000000	1500000	-3.180884	1.766197	-2.506487
3	1500000	2000000	-3.093724	1.796965	-2.489592
4	2000000	2500000	-2.865069	1.635903	-2.722175
5	2500000	3000000	-2.850636	1.764303	-2.672516
6	3000000	3500000	-2.778802	1.878929	-2.660485
7	3500000	4000000	-2.673780	1.926945	-2.694650
8	4000000	4500000	-2.483716	1.951208	-2.675883
9	4500000	5000000	-2.298171	1.852226	-2.813324
10	5000000	5500000	-2.222276	1.643046	-3.073244
11	5500000	6000000	-2.156422	1.531287	-3.221406
12	6000000	6500000	-1.944954	1.542534	-3.263512
13	6500000	7000000	-1.867093	1.494677	-3.473137
14	7000000	7500000	-1.731382	1.494753	-3.638974
15	7500000	8000000	-1.675209	1.431833	-3.794822
16	8000000	8500000	-1.555353	1.596580	-3.814285
17	8500000	9000000	-1.320182	1.925173	-3.739802
18	9000000	9500000	-1.447141	2.357909	-3.349444
19	9500000	10000000	-1.201833	2.371115	-3.574351
20	10000000	10500000	-0.999334	2.372225	-3.453157
21	10500000	11000000	-0.837810	2.171501	-3.571883
22	11000000	11500000	-0.642912	2.157277	-3.631344
23	11500000	12000000	-0.649203	2.325032	-3.464918
24	12000000	12500000	-0.726049	2.414239	-3.269903
25	12500000	13000000	-0.395103	2.325918	-3.386121
26	13000000	13500000	-0.487699	2.488767	-2.976767
27	13500000	14000000	-0.476074	2.819184	-2.723511
28	14000000	14500000	-0.491329	3.213816	-2.270668
29	14500000	15000000	-0.474251	3.564873	-1.843797
30	15000000	15500000	-0.393982	3.730084	-1.611004
31	15500000	16000000	-0.392759	3.894448	-1.310825
32	16000000	16500000	-0.467222	4.081545	-0.972920
33	16500000	17000000	-0.428800	4.247529	-0.718939
34	17000000	17500000	-0.317851	4.293113	-0.440785
35	17500000	18000000	-0.131973	4.347363	-0.254964
36	18000000	18500000	-0.053761	4.379906	-0.188243
37	18500000	19000000	0.030731	4.403949	0.003503
38	19000000	19500000	0.274265	4.349326	-0.077304
39	19500000	20000000	0.564459	4.188899	-0.262327
40	20000000	20500000	0.740189	4.113488	-0.493730
41	20500000	21000000	0.899211	3.972249	-0.767846
42	21000000	21500000	1.104426	3.759624	-1.116856
43	21500000	22000000	1.435347	3.625872	-1.353584
44	22000000	22500000	1.645068	3.572075	-1.725029
45	22500000	23000000	1.823673	3.429020	-1.943947
46	23000000	23500000	1.870941	3.330036	-2.190477
47	23500000	24000000	1.916149	3.144933	-2.290239
48	24000000	24500000	1.865778	3.003928	-2.494049
49	24500000	25000000	1.778806	2.815039	-2.593884
50	25000000	25500000	1.566256	2.500208	-2.818439
51	25500000	26000000	1.483226	2.150668	-2.922131
52	26000000	26500000	1.475574	1.954978	-2.985834
53	26500000	27000000	1.690488	1.927781	-2.960578
54	27000000	27500000	1.803668	2.063091	-2.773484
55	27500000	28000000	1.915009	2.270913	-2.435365
56	28000000	28500000	1.973073	2.534218	-2.070379
57	28500000	29000000	2.091934	2.928166	-1.602271
58	29000000	29500000	2.262266	3.075132	-1.372482
59	29500000	30000000	2.248833	3.377182	-0.918932
60	30000000	30500000	1.977816	3.316214	-0.654848
61	30500000	31000000	1.873474	3.345077	-0.408682
62	31000000	31500000	1.912150	3.267050	-0.244789
63	31500000	32000000	1.897664	3.392369	0.056851
64	32000000	32500000	1.888213	3.416111	0.356689
65	32500000	33000000	1.746171	3.653715	0.852872
66	33000000	33500000	1.277559	3.760292	1.086160
67	33500000	34000000	0.753272	4.087650	1.480928
68	34000000	34500000	0.164497	4.195213	1.709374
69	34500000	35000000	-0.438519	4.349781	2.088568
70	35000000	35500000	-0.873709	4.335541	2.338316
71	35500000	36000000	-1.204268	4.330526	2.552979
72	36000000	36500000	-1.279702	4.295224	2.702459
73	36500000	37000000	-0.573198	4.083464	2.616585
74	37000000	37500000	0.282325	3.778075	2.399691
75	37500000	38000000	1.210115	3.456549	2.097446
76	38000000	38500000	2.066613	3.176649	1.644922
77	38500000	39000000	2.697726	2.795841	1.131385
78	39000000	39500000	3.305674	2.454224	0.572686
79	39500000	40000000	3.755291	2.030559	-0.075023
80	40000000	40500000	3.733750	1.706937	-0.399315
81	40500000	41000000	3.593618	1.397482	-0.672530
82	41000000	41500000	3.536701	1.180101	-0.961300
83	41500000	42000000	3.474501	0.937639	-1.168386
84	42000000	42500000	3.531180	0.694271	-1.419741
85	42500000	43000000	3.404965	0.508568	-1.458231
86	43000000	43500000	3.376815	0.345808	-1.622616
87	43500000	44000000	3.323259	0.144140	-1.856950
88	44000000	44500000	3.363433	0.062864	-1.996070
89	44500000	45000000	3.234632	-0.150802	-2.166686
90	45000000	45500000	3.122602	-0.380175	-2.447811
91	45500000	46000000	2.882576	-0.493169	-2.604812
92	46000000	46500000	2.650545	-0.682338	-2.902865
93	46500000	47000000	2.274124	-0.828493	-3.126534
94	47000000	47500000	1.935486	-1.000383	-3.379602
95	47500000	48000000	1.572961	-1.191874	-3.670188
96	48000000	48500000	1.179386	-1.425459	-3.820569
97	48500000	49000000	0.673237	-1.658099	-3.833690
98	49000000	49500000	0.316187	-1.885155	-3.862275
99	49500000	50000000	0.022845	-2.090263	-3.974803
100	50000000	50500000	-0.207085	-2.248262	-3.912019
101	50500000	51000000	-0.390817	-2.256116	-3.837421
102	51000000	51500000	-0.538967	-2.281745	-3.617122
103	51500000	52000000	-0.627964	-2.125113	-3.648881
104	52000000	52500000	-0.585605	-1.947463	-3.674356
105	52500000	53000000	-0.428789	-1.876483	-3.705781
106	53000000	53500000	-0.159431	-1.862325	-3.548662
107	53500000	54000000	0.176987	-1.886142	-3.463962
108	54000000	54500000	0.499514	-1.972396	-3.387738
109	54500000	55000000	0.678654	-2.186495	-3.405755
110	55000000	55500000	0.877526	-2.430200	-3.122885
111	55500000	56000000	0.964029	-2.658391	-2.985155
112	56000000	56500000	1.069027	-2.632278	-2.840359
113	56500000	57000000	1.304831	-2.444223	-2.588145
114	57000000	57500000	1.575068	-2.370299	-2.376728
115	57500000	58000000	1.954730	-2.321074	-2.157746
116	58000000	58500000	2.513304	-1.922492	-1.799415
117	58500000	59000000	3.081834	-1.616009	-1.516769
118	59000000	59500000	3.768236	-1.221533	-1.069312
119	59500000	60000000	4.209025	-0.967176	-0.663245
120	60000000	60500000	4.395558	-0.931307	-0.545386
121	60500000	61000000	4.382911	-0.943025	-0.325535
122	61000000	61500000	4.231110	-0.945523	-0.141720
123	61500000	62000000	4.174008	-1.071606	-0.032419
124	62000000	62500000	4.010773	-1.272807	-0.039657
125	62500000	63000000	3.710884	-1.655652	-0.214994
126	63000000	63500000	3.318356	-2.040436	-0.422500
127	63500000	64000000	3.167152	-2.437093	-0.517327
128	64000000	64500000	3.020280	-2.703914	-0.613803
129	64500000	65000000	2.804603	-2.920546	-0.669825
130	65000000	65500000	2.595477	-3.056271	-0.695185
131	65500000	66000000	2.397995	-3.075721	-0.591014
132	66000000	66500000	2.267771	-3.104601	-0.466868
133	66500000	67000000	2.277073	-3.224291	-0.381733
134	67000000	67500000	2.051842	-3.220245	-0.326526
135	67500000	68000000	1.886264	-3.052120	-0.277737
136	68000000	68500000	1.991996	-3.029066	-0.058854
137	68500000	69000000	2.054369	-2.991378	0.160635
138	69000000	69500000	2.165109	-2.779186	0.347119
139	69500000	70000000	2.368192	-2.405002	0.606897
140	70000000	70500000	2.504375	-2.126614	0.846025
141	70500000	71000000	2.847106	-1.783427	1.171312
142	71000000	71500000	3.171461	-1.210284	1.601934
143	71500000	72000000	3.378651	-0.622125	1.810200
144	72000000	72500000	3.578712	-0.221550	1.926225
145	72500000	73000000	3.675645	-0.162933	2.088575
146	73000000	73500000	3.662540	-0.284226	2.282446
147	73500000	74000000	3.811005	-0.246791	2.474341
148	74000000	74500000	3.631016	-0.447233	2.434766
149	74500000	75000000	3.425930	-0.974705	2.337617
150	75000000	75500000	3.259623	-1.297592	2.347446
151	75500000	76000000	3.048637	-1.638524	2.366211
152	76000000	76500000	2.952181	-1.562430	2.374412
153	76500000	77000000	2.810904	-1.405755	2.413851
154	77000000	77500000	2.642935	-1.127806	2.607127
155	77500000	78000000	2.674368	-0.705959	2.850120
156	78000000	78500000	2.736148	-0.253008	3.058423
157	78500000	79000000	2.656515	-0.177549	3.278030
158	79000000	79500000	2.518665	-0.028188	3.379766
159	79500000	80000000	2.432703	-0.012284	3.546100
160	80000000	80500000	2.363142	0.054135	3.612476
161	80500000	81000000	2.211478	0.087675	3.633923
162	81000000	81500000	1.975731	0.236158	3.655664
163	81500000	82000000	1.769576	0.181080	3.647990
164	82000000	82500000	1.655239	0.461614	3.654962
165	82500000	83000000	1.558307	0.900270	3.794982
166	83000000	83500000	1.416034	1.096979	3.831708
167	83500000	84000000	1.180815	1.264106	3.950758
168	84000000	84500000	1.030643	1.298532	4.027923
169	84500000	85000000	0.812598	1.288272	4.159737
170	85000000	85500000	0.554337	1.446529	4.350120
171	85500000	86000000	0.348597	1.304495	4.427136
172	86000000	86500000	0.117678	1.008210	4.490783
173	86500000	87000000	-0.072762	0.697195	4.540720
174	87000000	87500000	-0.048853	0.332905	4.509222
175	87500000	88000000	-0.027160	-0.131589	4.418237
176	88000000	88500000	0.123132	-0.763837	4.190966
177	88500000	89000000	0.303475	-1.243380	4.074037
178	89000000	89500000	0.362758	-1.534678	4.038829
179	89500000	90000000	0.502582	-1.835762	3.900503
180	90000000	90500000	0.564046	-1.920009	3.730152
181	90500000	91000000	0.604624	-2.177654	3.432922
182	91000000	91500000	0.567072	-2.305731	3.205669
183	91500000	92000000	0.513362	-2.398568	3.085871
184	92000000	92500000	0.431933	-2.691378	2.803575
185	92500000	93000000	0.384674	-2.897937	2.493037
186	93000000	93500000	0.261219	-3.076740	2.232017
187	93500000	94000000	0.095964	-3.415990	2.042811
188	94000000	94500000	-0.135341	-3.426088	1.940309
189	94500000	95000000	-0.362328	-3.456926	1.931562
190	95000000	95500000	-0.553209	-3.368639	2.053334
191	95500000	96000000	-0.729159	-3.098976	2.207392
192	96000000	96500000	-0.924137	-2.822485	2.447076
193	96500000	97000000	-1.075651	-2.602894	2.630545
194	97000000	97500000	-1.154989	-2.484980	2.785475
195	97500000	98000000	-1.130575	-2.390416	2.889752
196	98000000	98500000	-1.094387	-2.067150	3.068374
197	98500000	99000000	-1.219723	-1.994622	3.142896
198	99000000	99500000	-1.292640	-2.070540	3.189253
199	99500000	100000000	-1.204390	-2.459502	2.817668
200	100000000	100500000	-1.135304	-2.736917	2.466583
201	100500000	101000000	-1.133857	-2.942721	2.103049
202	101000000	101500000	-1.152529	-3.262786	1.815030
203	101500000	102000000	-1.136392	-3.761733	1.381106
204	102000000	102500000	-1.052596	-3.886714	0.917832
205	102500000	103000000	-1.057264	-4.068724	0.346602
206	103000000	103500000	-1.180810	-3.904350	0.137533
207	103500000	104000000	-1.299104	-3.790015	0.073528
208	104000000	104500000	-1.470273	-3.499316	0.166520
209	104500000	105000000	-1.668490	-3.211047	0.194829
210	105000000	105500000	-1.857979	-2.958871	0.179215
211	105500000	106000000	-2.102217	-2.902175	0.182426
212	106000000	106500000	-2.295204	-2.775522	0.350651
213	106500000	107000000	-2.490123	-2.835060	0.398022
214	107000000	107500000	-2.646196	-2.865644	0.275285
215	107500000	108000000	-2.709613	-2.929449	0.047641
216	108000000	108500000	-2.835094	-2.945368	-0.180653
217	108500000	109000000	-2.905383	-2.982850	-0.503525
218	109000000	109500000	-2.821037	-3.050453	-0.742856
219	109500000	110000000	-2.776021	-3.170592	-1.104159
220	110000000	110500000	-2.757318	-3.090568	-1.460289
221	110500000	111000000	-2.905241	-3.022649	-1.619406
222	111000000	111500000	-3.074629	-2.934808	-1.525610
223	111500000	112000000	-3.194810	-2.769775	-1.415978
224	112000000	112500000	-3.324546	-2.473956	-0.892863
225	112500000	113000000	-3.532944	-2.023426	-0.279704
226	113000000	113500000	-3.656282	-1.524732	0.357606
227	113500000	114000000	-3.722753	-1.157630	1.117622
228	114000000	114500000	-3.670193	-0.882955	1.684108
229	114500000	115000000	-3.630293	-0.814185	1.883780
230	115000000	115500000	-3.692015	-0.709400	2.171040
231	115500000	116000000	-3.655228	-0.716940	2.070439
232	116000000	116500000	-3.612033	-0.811904	1.868720
233	116500000	117000000	-3.714180	-0.937998	1.593978
234	117000000	117500000	-3.827585	-0.899661	1.412596
235	117500000	118000000	-3.889004	-1.004404	1.311671
236	118000000	118500000	-3.922858	-0.847357	1.107405
237	118500000	119000000	-3.891894	-0.903159	0.688843
238	119000000	119500000	-3.885189	-1.003585	0.260537
239	119500000	120000000	-3.923552	-1.049119	-0.322102
240	120000000	120500000	-3.877790	-1.105696	-0.706773
241	120500000	121000000	-3.789961	-1.321502	-1.304933
242	121000000	121500000	-3.842677	-1.209827	-1.793094
243	121500000	122000000	-3.856630	-1.219517	-1.997394
244	122000000	122500000	-3.951688	-0.988450	-1.962125
245	122500000	123000000	-4.051127	-0.712580	-1.684100
246	123000000	123500000	-4.060687	-0.637189	-1.337845
247	123500000	124000000	-3.890732	-0.362052	-0.719704
248	124000000	124500000	-3.813719	0.040730	0.140349
249	124500000	125000000	-3.590635	0.410586	0.892509
250	125000000	125500000	-3.404802	0.715137	1.516706
251	125500000	126000000	-3.096262	0.872777	2.137552
252	126000000	126500000	-2.860111	1.084439	2.609183
253	126500000	127000000	-2.768616	1.354860	3.040045
254	127000000	127500000	-2.783064	1.403462	3.035644
255	127500000	128000000	-2.886855	1.451844	2.895408
256	128000000	128500000	-2.974377	1.380174	2.802012
257	128500000	129000000	-3.056505	1.449771	2.694717
258	129000000	129500000	-3.115966	1.356311	2.398498
259	129500000	130000000	-3.323681	1.255324	2.098425
260	130000000	130500000	-3.450548	1.182976	1.773084
261	130500000	131000000	-3.660035	1.233217	1.518093
262	131000000	131500000	-3.734799	1.337147	1.237617
263	131500000	132000000	-3.832137	1.496442	0.970081
264	132000000	132500000	-3.897534	1.424223	0.740248
265	132500000	133000000	-4.066982	1.547081	0.635794
266	133000000	133500000	-4.127663	1.713018	0.493996
