# Chromosome: chr12, Resolution: 500000bp
# Generated: 2026-07-31 11:29:48
bin	start	end	x	y	z
0	0	500000	-2.543433	-0.181642	-3.767694
1	500000	1000000	-2.669963	0.123505	-3.668186
2	1000000	1500000	-2.741038	0.283620	-3.564804
3	1500000	2000000	-2.742414	0.416030	-3.502567
4	2000000	2500000	-2.647450	0.659569	-3.325864
5	2500000	3000000	-2.722777	0.974417	-3.182376
6	3000000	3500000	-2.770748	1.206554	-3.176369
7	3500000	4000000	-2.688542	1.409830	-3.105181
8	4000000	4500000	-2.540534	1.367447	-3.104561
9	4500000	5000000	-2.402579	1.314177	-3.164442
10	5000000	5500000	-2.361940	1.264789	-3.307702
11	5500000	6000000	-2.403098	1.387539	-3.311321
12	6000000	6500000	-2.277147	1.439042	-3.319119
13	6500000	7000000	-2.388401	1.677816	-3.120395
14	7000000	7500000	-2.458491	1.881080	-3.027124
15	7500000	8000000	-2.357653	2.059399	-3.052644
16	8000000	8500000	-2.186032	2.217304	-3.122375
17	8500000	9000000	-1.932881	2.390721	-3.117790
18	9000000	9500000	-1.456247	2.205867	-3.458810
19	9500000	10000000	-1.184060	2.027309	-3.789436
20	10000000	10500000	-0.805951	1.726151	-4.053724
21	10500000	11000000	-0.433840	1.454103	-4.344294
22	11000000	11500000	-0.236904	1.308572	-4.452187
23	11500000	12000000	-0.034817	1.273148	-4.483232
24	12000000	12500000	0.097477	1.378763	-4.442289
25	12500000	13000000	0.181915	1.583167	-4.259133
26	13000000	13500000	0.292240	1.833436	-3.934387
27	13500000	14000000	0.569443	2.120003	-3.817207
28	14000000	14500000	0.860397	2.353456	-3.643943
29	14500000	15000000	1.152476	2.587245	-3.386165
30	15000000	15500000	1.446896	2.848374	-3.083602
31	15500000	16000000	1.745683	3.064690	-2.494084
32	16000000	16500000	1.950527	3.299369	-1.929684
33	16500000	17000000	2.163064	3.481217	-1.580546
34	17000000	17500000	2.230013	3.614710	-1.215321
35	17500000	18000000	2.255401	3.820357	-0.775172
36	18000000	18500000	2.319121	3.943215	-0.637207
37	18500000	19000000	2.233163	4.024427	-0.590335
38	19000000	19500000	2.175994	3.982003	-0.856894
39	19500000	20000000	2.054348	3.913029	-0.940743
40	20000000	20500000	1.808648	4.004838	-1.039431
41	20500000	21000000	1.671060	3.971105	-1.135768
42	21000000	21500000	1.464770	3.951033	-1.347387
43	21500000	22000000	1.126382	4.098888	-1.220366
44	22000000	22500000	0.712169	4.230773	-1.085856
45	22500000	23000000	0.387066	4.245765	-1.046816
46	23000000	23500000	0.166464	4.245913	-1.250001
47	23500000	24000000	0.156948	4.011420	-1.435296
48	24000000	24500000	0.065592	3.945652	-1.475779
49	24500000	25000000	-0.096634	3.782741	-1.554249
50	25000000	25500000	-0.195714	3.489609	-1.785332
51	25500000	26000000	-0.020612	3.084730	-1.978742
52	26000000	26500000	0.080187	2.930448	-2.099956
53	26500000	27000000	-0.155768	3.075495	-1.952471
54	27000000	27500000	-0.099194	3.255951	-1.639128
55	27500000	28000000	-0.290777	3.320953	-1.572494
56	28000000	28500000	-0.134459	3.496503	-1.211527
57	28500000	29000000	0.030286	3.727045	-0.838904
58	29000000	29500000	-0.014864	4.005080	-0.605168
59	29500000	30000000	-0.239767	4.192083	-0.294233
60	30000000	30500000	0.005205	3.798905	-0.415118
61	30500000	31000000	-0.224033	3.744033	-0.331625
62	31000000	31500000	-0.009963	3.708947	-0.111092
63	31500000	32000000	0.057017	3.747667	0.116673
64	32000000	32500000	0.054852	3.784534	0.340619
65	32500000	33000000	0.016183	3.866078	0.698204
66	33000000	33500000	-0.019198	3.907615	1.008064
67	33500000	34000000	-0.487204	4.282630	1.454981
68	34000000	34500000	-0.827923	4.353518	1.674243
69	34500000	35000000	-1.248580	4.467642	2.002508
70	35000000	35500000	-1.597664	4.430881	2.243430
71	35500000	36000000	-1.748840	4.356127	2.459562
72	36000000	36500000	-1.571299	4.317829	2.602621
73	36500000	37000000	-0.892133	4.140873	2.526514
74	37000000	37500000	0.049578	3.779802	2.089393
75	37500000	38000000	1.001797	3.525494	1.775808
76	38000000	38500000	1.916123	3.290628	1.311784
77	38500000	39000000	2.521420	2.877293	0.631532
78	39000000	39500000	3.124147	2.555634	0.078732
79	39500000	40000000	3.499211	2.162748	-0.333515
80	40000000	40500000	3.511102	1.890820	-0.729895
81	40500000	41000000	3.315834	1.630607	-0.805861
82	41000000	41500000	3.287472	1.432958	-1.040276
83	41500000	42000000	3.230678	1.138172	-1.307584
84	42000000	42500000	3.266699	1.016984	-1.438358
85	42500000	43000000	3.168623	0.759639	-1.676814
86	43000000	43500000	3.178227	0.573780	-2.055619
87	43500000	44000000	3.110395	0.289559	-2.333024
88	44000000	44500000	3.147320	0.221362	-2.474855
89	44500000	45000000	3.013488	-0.026332	-2.676588
90	45000000	45500000	2.847674	-0.221012	-2.909240
91	45500000	46000000	2.662914	-0.450813	-3.033818
92	46000000	46500000	2.431573	-0.611394	-3.195983
93	46500000	47000000	2.062295	-0.902124	-3.373011
94	47000000	47500000	1.655114	-1.109765	-3.533072
95	47500000	48000000	1.348648	-1.430625	-3.712918
96	48000000	48500000	0.910860	-1.658865	-3.830360
97	48500000	49000000	0.441088	-1.869551	-3.787373
98	49000000	49500000	0.063448	-2.022042	-3.850675
99	49500000	50000000	-0.231173	-2.227475	-3.942866
100	50000000	50500000	-0.547443	-2.308404	-3.839116
101	50500000	51000000	-0.705122	-2.344665	-3.686411
102	51000000	51500000	-0.861642	-2.199689	-3.464538
103	51500000	52000000	-0.893528	-2.399897	-3.328788
104	52000000	52500000	-0.823567	-2.564728	-3.194044
105	52500000	53000000	-0.725259	-2.663502	-3.122503
106	53000000	53500000	-0.445983	-2.520658	-3.040592
107	53500000	54000000	-0.007203	-2.569631	-3.003246
108	54000000	54500000	0.313294	-2.700592	-2.965595
109	54500000	55000000	0.493157	-3.004258	-2.996810
110	55000000	55500000	0.715162	-2.963303	-2.906876
111	55500000	56000000	0.816591	-2.962334	-2.866574
112	56000000	56500000	0.994920	-2.915478	-2.770696
113	56500000	57000000	1.249528	-2.799111	-2.484676
114	57000000	57500000	1.615156	-2.446756	-2.263576
115	57500000	58000000	2.145004	-1.968528	-2.063642
116	58000000	58500000	2.668753	-1.624405	-1.864543
117	58500000	59000000	3.274941	-1.135952	-1.505944
118	59000000	59500000	3.953516	-0.730932	-1.222201
119	59500000	60000000	4.455859	-0.386032	-0.842240
120	60000000	60500000	4.625844	-0.336049	-0.719081
121	60500000	61000000	4.534141	-0.470007	-0.617459
122	61000000	61500000	4.311901	-0.777483	-0.578919
123	61500000	62000000	4.332749	-0.770447	-0.499205
124	62000000	62500000	4.110282	-1.158776	-0.664703
125	62500000	63000000	3.842513	-1.495531	-0.783612
126	63000000	63500000	3.497870	-1.860429	-0.994359
127	63500000	64000000	3.323786	-2.316058	-1.007060
128	64000000	64500000	3.201709	-2.642846	-1.033591
129	64500000	65000000	3.141252	-2.790123	-0.964761
130	65000000	65500000	2.903725	-2.961387	-0.883514
131	65500000	66000000	2.798688	-2.930292	-0.695489
132	66000000	66500000	2.649192	-2.968360	-0.477362
133	66500000	67000000	2.560301	-3.090638	-0.442444
134	67000000	67500000	2.366874	-3.094720	-0.471011
135	67500000	68000000	2.249283	-2.898609	-0.348914
136	68000000	68500000	2.284461	-2.853640	-0.155936
137	68500000	69000000	2.379083	-2.794800	0.024137
138	69000000	69500000	2.506613	-2.537084	0.227746
139	69500000	70000000	2.717511	-2.178173	0.362367
140	70000000	70500000	2.920302	-1.765122	0.678478
141	70500000	71000000	3.256159	-1.336788	1.006347
142	71000000	71500000	3.608808	-0.985526	1.259649
143	71500000	72000000	3.749393	-0.518145	1.452855
144	72000000	72500000	3.880020	-0.006492	1.694454
145	72500000	73000000	3.918114	0.211361	1.845617
146	73000000	73500000	3.899710	0.357487	2.049601
147	73500000	74000000	4.041015	0.404713	2.249395
148	74000000	74500000	3.933421	0.158356	2.229348
149	74500000	75000000	3.646217	-0.226676	2.200508
150	75000000	75500000	3.443331	-0.633870	2.168957
151	75500000	76000000	3.311742	-1.033481	2.163541
152	76000000	76500000	3.195152	-1.398310	2.203604
153	76500000	77000000	3.125424	-1.611774	2.267597
154	77000000	77500000	2.935230	-1.703093	2.430547
155	77500000	78000000	2.853248	-1.593617	2.748800
156	78000000	78500000	2.914711	-1.702699	2.834468
157	78500000	79000000	2.930036	-1.694918	3.021413
158	79000000	79500000	2.827668	-1.564272	3.149741
159	79500000	80000000	2.775092	-1.340119	3.282825
160	80000000	80500000	2.685344	-1.067410	3.372539
161	80500000	81000000	2.615130	-0.747428	3.314126
162	81000000	81500000	2.409502	-0.371202	3.338567
163	81500000	82000000	2.283274	0.145688	3.417641
164	82000000	82500000	2.167890	0.648260	3.505068
165	82500000	83000000	2.143989	1.021996	3.571004
166	83000000	83500000	1.993184	1.245168	3.613515
167	83500000	84000000	1.825613	1.451624	3.666825
168	84000000	84500000	1.669864	1.555194	3.793123
169	84500000	85000000	1.578501	1.620713	3.903446
170	85000000	85500000	1.283328	1.728372	4.180359
171	85500000	86000000	1.020282	1.637417	4.291230
172	86000000	86500000	0.735508	1.354011	4.380321
173	86500000	87000000	0.508832	1.128969	4.478825
174	87000000	87500000	0.366236	0.749882	4.542892
175	87500000	88000000	0.269918	0.376900	4.543418
176	88000000	88500000	0.323352	-0.112054	4.382247
177	88500000	89000000	0.487118	-0.406512	4.244370
178	89000000	89500000	0.614480	-0.682807	4.213614
179	89500000	90000000	0.711269	-0.912624	4.114317
180	90000000	90500000	0.799489	-1.201098	3.915645
181	90500000	91000000	0.878759	-1.619542	3.528112
182	91000000	91500000	0.930931	-1.964800	3.182533
183	91500000	92000000	0.769493	-2.250554	2.855455
184	92000000	92500000	0.654351	-2.681774	2.649918
185	92500000	93000000	0.479266	-3.098704	2.254093
186	93000000	93500000	0.349184	-3.389553	1.938361
187	93500000	94000000	0.296256	-3.645032	1.648624
188	94000000	94500000	0.126767	-3.617075	1.684539
189	94500000	95000000	-0.086367	-3.724340	1.709628
190	95000000	95500000	-0.094885	-3.660242	1.958726
191	95500000	96000000	-0.242065	-3.412846	2.135632
192	96000000	96500000	-0.345022	-3.102853	2.503250
193	96500000	97000000	-0.371782	-3.003857	2.659572
194	97000000	97500000	-0.493564	-2.859207	2.916259
195	97500000	98000000	-0.544702	-2.691055	3.069996
196	98000000	98500000	-0.521243	-2.415414	3.226847
197	98500000	99000000	-0.654445	-2.428492	3.219590
198	99000000	99500000	-0.742569	-2.465258	3.220631
199	99500000	100000000	-0.813947	-2.598489	3.088123
200	100000000	100500000	-0.952890	-2.660197	2.855466
201	100500000	101000000	-1.037513	-2.863439	2.517278
202	101000000	101500000	-1.101802	-3.210724	2.220603
203	101500000	102000000	-1.156138	-3.607888	1.777840
204	102000000	102500000	-1.196090	-3.604051	1.371112
205	102500000	103000000	-1.335561	-3.814699	0.839354
206	103000000	103500000	-1.389792	-3.865118	0.456620
207	103500000	104000000	-1.527458	-3.823131	0.394391
208	104000000	104500000	-1.709482	-3.554125	0.502969
209	104500000	105000000	-1.828744	-3.256970	0.528418
210	105000000	105500000	-2.003392	-2.987076	0.671114
211	105500000	106000000	-2.211472	-2.928452	0.854795
212	106000000	106500000	-2.322017	-2.812353	0.964859
213	106500000	107000000	-2.510589	-2.803814	0.910631
214	107000000	107500000	-2.577908	-2.861450	0.697448
215	107500000	108000000	-2.654629	-2.901107	0.415961
216	108000000	108500000	-2.823761	-2.952314	0.135895
217	108500000	109000000	-2.951564	-2.982468	-0.257008
218	109000000	109500000	-3.026336	-2.919121	-0.637382
219	109500000	110000000	-3.168981	-2.875203	-0.926110
220	110000000	110500000	-3.270080	-2.804085	-1.225260
221	110500000	111000000	-3.392141	-2.828258	-1.295345
222	111000000	111500000	-3.523548	-2.822547	-1.199145
223	111500000	112000000	-3.598833	-2.752505	-1.057734
224	112000000	112500000	-3.738778	-2.521811	-0.653162
225	112500000	113000000	-3.746651	-2.271238	-0.027733
226	113000000	113500000	-3.609462	-1.962480	0.605375
227	113500000	114000000	-3.513021	-1.670318	1.320530
228	114000000	114500000	-3.524976	-1.353258	1.872002
229	114500000	115000000	-3.520640	-1.184375	2.099449
230	115000000	115500000	-3.519620	-1.157015	2.365186
231	115500000	116000000	-3.452857	-1.095278	2.415967
232	116000000	116500000	-3.487485	-1.059537	2.232074
233	116500000	117000000	-3.657069	-1.026059	2.022506
234	117000000	117500000	-3.812419	-1.000166	1.810180
235	117500000	118000000	-3.879385	-0.878263	1.740672
236	118000000	118500000	-3.884591	-0.829064	1.530787
237	118500000	119000000	-3.954633	-0.684777	1.143132
238	119000000	119500000	-3.976488	-0.726662	0.736660
239	119500000	120000000	-4.076456	-0.803891	0.211196
240	120000000	120500000	-4.147248	-0.821707	-0.186367
241	120500000	121000000	-4.199874	-0.785200	-0.573276
242	121000000	121500000	-4.311507	-0.688116	-0.991488
243	121500000	122000000	-4.331336	-0.629676	-1.172485
244	122000000	122500000	-4.427201	-0.349073	-1.162181
245	122500000	123000000	-4.534839	-0.146079	-0.937887
246	123000000	123500000	-4.462345	0.015081	-0.651108
247	123500000	124000000	-4.210440	0.094782	-0.245813
248	124000000	124500000	-3.918091	0.256799	0.431346
249	124500000	125000000	-3.651632	0.509501	1.060571
250	125000000	125500000	-3.403146	0.779678	1.716158
251	125500000	126000000	-3.026196	0.831930	2.353002
252	126000000	126500000	-2.744740	1.041069	2.841728
253	126500000	127000000	-2.564561	1.219103	3.279473
254	127000000	127500000	-2.545166	1.347179	3.365715
255	127500000	128000000	-2.574611	1.427057	3.298594
256	128000000	128500000	-2.601508	1.367982	3.249515
257	128500000	129000000	-2.731842	1.479228	3.157628
258	129000000	129500000	-2.833038	1.429269	2.945537
259	129500000	130000000	-3.006189	1.321932	2.634090
260	130000000	130500000	-3.186641	1.242722	2.282234
261	130500000	131000000	-3.348363	1.293278	2.006553
262	131000000	131500000	-3.559958	1.376555	1.589143
263	131500000	132000000	-3.697976	1.498916	1.268454
264	132000000	132500000	-3.769115	1.415393	1.000906
265	132500000	133000000	-3.930497	1.509669	0.730730
266	133000000	133500000	-3.994425	1.677294	0.538770
