# Chromosome: chr5, Resolution: 500000bp
# Generated: 2026-08-26 10:13:16
bin	start	end	x	y	z
0	0	500000	-3.987734	1.072010	-0.569449
1	500000	1000000	-3.915724	0.699002	-0.435743
2	1000000	1500000	-3.892843	0.329493	-0.349236
3	1500000	2000000	-3.826806	0.069046	-0.262582
4	2000000	2500000	-3.824908	-0.373243	-0.188168
5	2500000	3000000	-3.746859	-0.789635	-0.058136
6	3000000	3500000	-3.678084	-1.159915	0.039333
7	3500000	4000000	-3.664342	-1.368164	0.090905
8	4000000	4500000	-3.662319	-1.287466	0.162280
9	4500000	5000000	-3.619087	-1.055919	0.191240
10	5000000	5500000	-3.604955	-0.870966	0.207131
11	5500000	6000000	-3.613289	-0.786241	0.250067
12	6000000	6500000	-3.595358	-0.606191	0.325026
13	6500000	7000000	-3.521882	-0.549805	0.524490
14	7000000	7500000	-3.491090	-0.570973	0.552339
15	7500000	8000000	-3.539781	-0.493921	0.522007
16	8000000	8500000	-3.566455	-0.584488	0.616988
17	8500000	9000000	-3.621213	-0.565996	0.606752
18	9000000	9500000	-3.524925	-0.392751	0.684456
19	9500000	10000000	-3.557867	-0.361545	0.703424
20	10000000	10500000	-3.587579	-0.419231	0.731739
21	10500000	11000000	-3.585043	-0.631033	0.554925
22	11000000	11500000	-3.499097	-1.027062	0.512801
23	11500000	12000000	-3.409890	-1.170761	0.584789
24	12000000	12500000	-3.303805	-1.360519	0.669454
25	12500000	13000000	-3.314137	-1.289116	0.627581
26	13000000	13500000	-3.272607	-1.244514	0.669097
27	13500000	14000000	-3.222744	-1.307974	0.620006
28	14000000	14500000	-3.192027	-1.243100	0.856536
29	14500000	15000000	-3.157863	-1.162906	1.020931
30	15000000	15500000	-3.114719	-1.090367	0.993969
31	15500000	16000000	-3.088716	-1.029097	1.042942
32	16000000	16500000	-3.071119	-1.521873	0.995313
33	16500000	17000000	-2.980541	-1.836177	0.965547
34	17000000	17500000	-2.879843	-1.932634	0.962434
35	17500000	18000000	-2.766585	-1.968251	0.946551
36	18000000	18500000	-2.620905	-2.130237	0.890692
37	18500000	19000000	-2.509448	-2.409381	0.839761
38	19000000	19500000	-2.396420	-2.665171	0.842393
39	19500000	20000000	-2.292915	-2.777161	0.848406
40	20000000	20500000	-2.185336	-2.964912	0.805402
41	20500000	21000000	-2.096301	-3.070692	0.879525
42	21000000	21500000	-1.994168	-3.040724	0.987035
43	21500000	22000000	-1.926026	-2.980063	1.126108
44	22000000	22500000	-1.833884	-3.035971	1.262272
45	22500000	23000000	-1.863713	-3.009625	1.323314
46	23000000	23500000	-1.796595	-2.855798	1.589121
47	23500000	24000000	-1.828291	-2.666526	1.779071
48	24000000	24500000	-1.778985	-2.533103	1.867178
49	24500000	25000000	-1.741984	-2.668235	1.928272
50	25000000	25500000	-1.715907	-2.710109	1.982397
51	25500000	26000000	-1.724556	-2.610725	2.107044
52	26000000	26500000	-1.657805	-2.563123	2.223323
53	26500000	27000000	-1.630883	-2.486760	2.285769
54	27000000	27500000	-1.631419	-2.457049	2.429143
55	27500000	28000000	-1.655137	-2.376417	2.601744
56	28000000	28500000	-1.664326	-2.185885	2.642664
57	28500000	29000000	-1.781663	-1.973187	2.713351
58	29000000	29500000	-1.900206	-1.808970	2.710571
59	29500000	30000000	-1.977129	-1.594260	2.678720
60	30000000	30500000	-2.142993	-1.252486	2.583542
61	30500000	31000000	-2.223154	-0.800311	2.342097
62	31000000	31500000	-2.401076	-0.455030	2.185594
63	31500000	32000000	-2.603655	-0.153096	2.125608
64	32000000	32500000	-2.681941	0.235558	2.018686
65	32500000	33000000	-2.838047	0.653345	1.897825
66	33000000	33500000	-2.898764	0.906950	1.794750
67	33500000	34000000	-2.918907	1.027803	1.755419
68	34000000	34500000	-2.876391	0.915534	1.853625
69	34500000	35000000	-2.778330	0.937432	1.891526
70	35000000	35500000	-2.709962	1.046414	1.896660
71	35500000	36000000	-2.713198	1.141226	1.802537
72	36000000	36500000	-2.551990	1.034628	1.808805
73	36500000	37000000	-2.523511	0.878644	1.939164
74	37000000	37500000	-2.494123	0.727076	2.098907
75	37500000	38000000	-2.514471	0.759516	2.228474
76	38000000	38500000	-2.461970	0.584308	2.316410
77	38500000	39000000	-2.375529	0.371588	2.379298
78	39000000	39500000	-2.298564	0.166437	2.660698
79	39500000	40000000	-2.275829	0.057770	2.856409
80	40000000	40500000	-2.197812	0.102385	2.905314
81	40500000	41000000	-2.057821	0.030448	2.937649
82	41000000	41500000	-1.960520	-0.054842	2.924348
83	41500000	42000000	-1.986892	0.258344	2.760920
84	42000000	42500000	-1.902643	0.228462	2.893179
85	42500000	43000000	-1.766305	-0.009319	2.848484
86	43000000	43500000	-1.615613	-0.216426	2.865310
87	43500000	44000000	-1.375535	-0.678833	2.902166
88	44000000	44500000	-1.157062	-1.050810	2.915625
89	44500000	45000000	-0.800289	-1.581033	2.889900
90	45000000	45500000	-0.322940	-2.473531	2.873324
91	45500000	46000000	0.025885	-3.069245	2.552502
92	46000000	46500000	0.350625	-3.591367	2.244304
93	46500000	47000000	0.579875	-4.063286	1.821107
94	47000000	47500000	0.486821	-4.314772	1.239894
95	47500000	48000000	0.305609	-4.545352	0.603644
96	48000000	48500000	-0.325096	-3.582604	0.053978
97	48500000	49000000	-0.416290	-3.205309	0.387451
98	49000000	49500000	-0.596625	-2.587117	0.656899
99	49500000	50000000	-0.710664	-2.063022	0.964737
100	50000000	50500000	-0.757410	-1.556709	1.393620
101	50500000	51000000	-0.527221	-1.084248	2.014553
102	51000000	51500000	-0.329117	-0.412428	2.561511
103	51500000	52000000	0.204688	-0.798717	3.233118
104	52000000	52500000	0.081954	-0.447866	3.033876
105	52500000	53000000	0.058670	-0.248120	2.931781
106	53000000	53500000	-0.055939	0.089184	2.809524
107	53500000	54000000	-0.240249	0.624486	2.650259
108	54000000	54500000	-0.445023	1.188999	2.564655
109	54500000	55000000	-0.434561	1.459792	2.528387
110	55000000	55500000	-0.537724	1.760325	2.273665
111	55500000	56000000	-0.561928	1.898507	2.269731
112	56000000	56500000	-0.585561	1.911582	2.342202
113	56500000	57000000	-0.478642	1.813544	2.458870
114	57000000	57500000	-0.286403	1.599453	2.582121
115	57500000	58000000	-0.141734	1.416789	2.619335
116	58000000	58500000	-0.103450	1.244331	2.761633
117	58500000	59000000	-0.021722	1.164423	2.929428
118	59000000	59500000	0.012696	1.227425	2.915301
119	59500000	60000000	0.076023	1.315207	2.885339
120	60000000	60500000	0.069756	1.360825	2.878903
121	60500000	61000000	0.062000	1.400796	2.729057
122	61000000	61500000	0.112060	1.221395	2.687439
123	61500000	62000000	0.190328	1.060928	2.698901
124	62000000	62500000	0.326844	0.766353	2.859844
125	62500000	63000000	0.467576	0.433826	2.927213
126	63000000	63500000	0.567309	0.437965	2.971227
127	63500000	64000000	0.628127	0.612976	2.901258
128	64000000	64500000	0.586433	0.875561	2.825755
129	64500000	65000000	0.404323	1.315935	2.668112
130	65000000	65500000	0.243800	1.684347	2.473630
131	65500000	66000000	0.104561	2.137010	2.215312
132	66000000	66500000	-0.001859	2.537155	2.060537
133	66500000	67000000	-0.147909	2.732790	1.879468
134	67000000	67500000	-0.347730	2.848088	1.706180
135	67500000	68000000	-0.609470	2.952990	1.546717
136	68000000	68500000	-0.994079	3.025629	1.179740
137	68500000	69000000	-0.979160	1.989132	0.842860
138	69000000	69500000	-0.942739	0.879080	0.501754
139	69500000	70000000	-0.916159	-0.172735	0.226201
140	70000000	70500000	-0.962976	-0.189141	0.115045
141	70500000	71000000	-0.957225	-0.153568	0.054353
142	71000000	71500000	-0.718858	-0.320908	0.072540
143	71500000	72000000	-0.343503	-0.460098	0.250646
144	72000000	72500000	-0.371392	0.629781	0.394352
145	72500000	73000000	-0.498606	1.753201	0.476510
146	73000000	73500000	-0.617840	2.947139	0.530734
147	73500000	74000000	-0.656629	3.085486	0.468739
148	74000000	74500000	-0.673938	3.180362	0.396303
149	74500000	75000000	-0.814989	3.345270	0.330485
150	75000000	75500000	-0.774696	3.476037	0.291451
151	75500000	76000000	-0.743001	3.586545	0.270741
152	76000000	76500000	-0.611663	3.681959	0.283659
153	76500000	77000000	-0.473088	3.714298	0.270703
154	77000000	77500000	-0.304606	3.645583	0.222930
155	77500000	78000000	-0.082889	3.623861	0.244289
156	78000000	78500000	0.131687	3.559254	0.249613
157	78500000	79000000	0.312898	3.541626	0.281878
158	79000000	79500000	0.481990	3.492013	0.313698
159	79500000	80000000	0.592929	3.427920	0.392136
160	80000000	80500000	0.711611	3.316625	0.522317
161	80500000	81000000	0.907064	3.219326	0.750847
162	81000000	81500000	1.089196	2.954595	0.963663
163	81500000	82000000	1.272036	2.779531	1.176274
164	82000000	82500000	1.426132	2.442276	1.558558
165	82500000	83000000	1.611652	1.950297	1.896400
166	83000000	83500000	1.785184	1.544312	2.166926
167	83500000	84000000	1.891658	1.051788	2.324957
168	84000000	84500000	1.974374	0.665199	2.421126
169	84500000	85000000	2.050629	0.424210	2.571083
170	85000000	85500000	2.158541	0.239233	2.666908
171	85500000	86000000	2.236691	0.392341	2.460207
172	86000000	86500000	2.315570	0.534892	2.478663
173	86500000	87000000	2.431723	0.634423	2.434705
174	87000000	87500000	2.495399	1.037512	2.414509
175	87500000	88000000	2.501930	1.414086	2.208217
176	88000000	88500000	2.473901	1.816907	1.989281
177	88500000	89000000	2.515818	2.029484	1.956813
178	89000000	89500000	2.540823	1.933394	2.048581
179	89500000	90000000	2.528737	2.026109	1.849293
180	90000000	90500000	2.483805	1.830755	1.798096
181	90500000	91000000	2.458621	1.339351	1.860986
182	91000000	91500000	2.545551	0.920052	2.065765
183	91500000	92000000	2.613200	0.414787	2.182557
184	92000000	92500000	2.635175	0.196362	2.137286
185	92500000	93000000	2.646629	0.085092	2.071090
186	93000000	93500000	2.563097	0.129768	1.941075
187	93500000	94000000	2.549829	0.470535	1.754875
188	94000000	94500000	2.521444	1.000690	1.422373
189	94500000	95000000	2.420868	1.343950	1.130685
190	95000000	95500000	2.315852	1.737673	0.833573
191	95500000	96000000	2.384406	1.819104	0.715221
192	96000000	96500000	2.316113	1.732562	0.659711
193	96500000	97000000	2.483662	1.464332	0.772417
194	97000000	97500000	2.677569	1.185762	0.852393
195	97500000	98000000	2.844440	0.658694	1.084819
196	98000000	98500000	2.924194	0.151991	1.249950
197	98500000	99000000	3.083575	-0.360723	1.465355
198	99000000	99500000	2.989151	-0.373382	1.381430
199	99500000	100000000	3.164040	-0.518317	1.395803
200	100000000	100500000	3.160958	-0.679930	1.352214
201	100500000	101000000	2.983084	-0.789208	1.279061
202	101000000	101500000	2.915354	-0.477287	1.031110
203	101500000	102000000	2.910020	-0.145739	0.831526
204	102000000	102500000	2.906313	-0.089922	0.743876
205	102500000	103000000	2.935519	-0.534913	0.805322
206	103000000	103500000	2.889069	-0.591383	0.737153
207	103500000	104000000	2.844614	-0.781661	0.760262
208	104000000	104500000	2.897936	-1.002669	0.804575
209	104500000	105000000	2.959477	-1.431328	0.940542
210	105000000	105500000	3.053153	-1.643936	0.977421
211	105500000	106000000	3.057114	-1.451301	0.857161
212	106000000	106500000	3.078388	-1.087000	0.747846
213	106500000	107000000	3.163252	-0.796259	0.644890
214	107000000	107500000	3.242452	-0.247054	0.384149
215	107500000	108000000	3.229265	0.332061	0.118757
216	108000000	108500000	3.240957	0.656941	-0.045541
217	108500000	109000000	3.155314	0.482084	-0.050009
218	109000000	109500000	3.101692	0.345311	-0.039231
219	109500000	110000000	2.974138	0.457155	-0.114415
220	110000000	110500000	2.796536	0.603179	-0.211171
221	110500000	111000000	2.656361	0.606822	-0.257676
222	111000000	111500000	2.523274	0.544790	-0.274594
223	111500000	112000000	2.444024	0.486754	-0.304212
224	112000000	112500000	2.360230	0.464942	-0.368438
225	112500000	113000000	2.319984	0.212443	-0.386314
226	113000000	113500000	2.311730	-0.264755	-0.333711
227	113500000	114000000	2.341407	-0.495914	-0.340995
228	114000000	114500000	2.363197	-0.600275	-0.347203
229	114500000	115000000	2.377480	-0.764362	-0.311933
230	115000000	115500000	2.307670	-0.675743	-0.373618
231	115500000	116000000	2.402415	-0.596372	-0.427451
232	116000000	116500000	2.452221	-0.670971	-0.462004
233	116500000	117000000	2.465774	-0.647430	-0.502169
234	117000000	117500000	2.558372	-0.780446	-0.493236
235	117500000	118000000	2.565556	-0.663907	-0.606780
236	118000000	118500000	2.631175	-0.890965	-0.610767
237	118500000	119000000	2.686499	-1.372569	-0.579250
238	119000000	119500000	2.692783	-1.476035	-0.610907
239	119500000	120000000	2.729380	-1.324827	-0.716208
240	120000000	120500000	2.864798	-1.333156	-0.796626
241	120500000	121000000	2.861977	-1.365029	-0.941516
242	121000000	121500000	2.840404	-1.562587	-0.903287
243	121500000	122000000	2.934454	-1.465929	-1.028497
244	122000000	122500000	3.040357	-1.061520	-1.188796
245	122500000	123000000	3.075773	-0.769442	-1.383958
246	123000000	123500000	3.064228	-0.383248	-1.524074
247	123500000	124000000	3.080949	-0.095867	-1.679093
248	124000000	124500000	2.985004	-0.089741	-1.678507
249	124500000	125000000	2.968466	-0.155200	-1.703666
250	125000000	125500000	2.850335	0.063994	-1.726259
251	125500000	126000000	2.748065	0.095699	-1.780262
252	126000000	126500000	2.666282	0.141473	-1.724415
253	126500000	127000000	2.695876	-0.069228	-1.720377
254	127000000	127500000	2.536048	-0.344664	-1.608863
255	127500000	128000000	2.524362	-0.432234	-1.599587
256	128000000	128500000	2.556945	-0.650190	-1.628752
257	128500000	129000000	2.568882	-1.166519	-1.571237
258	129000000	129500000	2.509365	-1.530680	-1.486259
259	129500000	130000000	2.502733	-1.325874	-1.564030
260	130000000	130500000	2.294384	-0.947787	-1.574244
261	130500000	131000000	2.162441	-0.358930	-1.670786
262	131000000	131500000	1.941492	0.303057	-1.751330
263	131500000	132000000	1.654012	0.985482	-1.820341
264	132000000	132500000	1.393950	1.733088	-1.963022
265	132500000	133000000	1.117634	2.570848	-2.043387
266	133000000	133500000	0.819038	2.764136	-2.048061
267	133500000	134000000	0.621777	2.770675	-2.099607
268	134000000	134500000	0.431598	2.702335	-2.191444
269	134500000	135000000	0.374972	2.404412	-2.162239
270	135000000	135500000	0.371227	2.086750	-2.131931
271	135500000	136000000	0.363572	1.928793	-2.156776
272	136000000	136500000	0.316740	1.772274	-2.267980
273	136500000	137000000	0.216120	1.775049	-2.304553
274	137000000	137500000	0.179613	1.876697	-2.275756
275	137500000	138000000	0.104214	2.053650	-2.211969
276	138000000	138500000	-0.103906	2.377500	-2.294432
277	138500000	139000000	-0.053093	2.658002	-2.390841
278	139000000	139500000	0.032219	2.020810	-2.329549
279	139500000	140000000	0.164482	1.237410	-2.231756
280	140000000	140500000	0.326826	0.921100	-2.281498
281	140500000	141000000	0.494827	0.644383	-2.347863
282	141000000	141500000	0.812324	0.341154	-2.489716
283	141500000	142000000	1.127992	0.135208	-2.498512
284	142000000	142500000	1.206751	-0.122977	-2.462091
285	142500000	143000000	1.291894	0.202598	-2.543957
286	143000000	143500000	1.386817	0.419193	-2.556550
287	143500000	144000000	1.489015	0.040985	-2.491023
288	144000000	144500000	1.562850	-0.258811	-2.555125
289	144500000	145000000	1.477467	-0.390939	-2.427026
290	145000000	145500000	1.456420	-0.835200	-2.511482
291	145500000	146000000	1.420107	-1.129766	-2.537834
292	146000000	146500000	1.355727	-1.280655	-2.583178
293	146500000	147000000	1.331603	-1.305457	-2.667711
294	147000000	147500000	1.306563	-1.133257	-2.803951
295	147500000	148000000	1.213394	-0.928934	-2.875459
296	148000000	148500000	1.161693	-0.723196	-3.023666
297	148500000	149000000	1.067038	-0.268743	-3.037454
298	149000000	149500000	0.962648	0.087090	-3.167689
299	149500000	150000000	0.839014	0.546248	-3.204478
300	150000000	150500000	0.727538	0.823537	-3.301410
301	150500000	151000000	0.650280	0.787454	-3.237504
302	151000000	151500000	0.552986	0.293401	-3.056928
303	151500000	152000000	0.561366	-0.160202	-2.959500
304	152000000	152500000	0.596240	-0.584200	-2.916345
305	152500000	153000000	0.607265	-0.753702	-2.809548
306	153000000	153500000	0.665852	-0.964143	-2.865372
307	153500000	154000000	0.609433	-1.200002	-2.834720
308	154000000	154500000	0.532871	-1.286696	-2.871627
309	154500000	155000000	0.493874	-0.985778	-3.082680
310	155000000	155500000	0.451131	-0.838656	-3.169230
311	155500000	156000000	0.416157	-0.593956	-3.230469
312	156000000	156500000	0.372586	-0.452687	-3.242234
313	156500000	157000000	0.259465	-0.436875	-3.249325
314	157000000	157500000	0.239652	-0.129181	-3.277769
315	157500000	158000000	0.177283	0.205723	-3.326647
316	158000000	158500000	0.115118	0.373917	-3.306268
317	158500000	159000000	0.062757	0.508893	-3.258265
318	159000000	159500000	0.020069	0.298264	-3.197760
319	159500000	160000000	-0.173565	-0.136728	-3.243955
320	160000000	160500000	-0.225249	-0.501983	-3.115384
321	160500000	161000000	-0.342140	-1.028022	-3.026060
322	161000000	161500000	-0.409247	-1.539957	-2.936048
323	161500000	162000000	-0.400510	-1.802240	-2.881428
324	162000000	162500000	-0.344916	-2.081432	-2.864920
325	162500000	163000000	-0.395831	-2.367177	-2.817532
326	163000000	163500000	-0.144979	-2.447262	-2.736133
327	163500000	164000000	-0.051150	-2.396752	-2.741353
328	164000000	164500000	0.077969	-2.341692	-2.762174
329	164500000	165000000	0.171881	-2.364727	-2.756811
330	165000000	165500000	0.108403	-2.418834	-2.728706
331	165500000	166000000	0.021023	-2.561859	-2.768290
332	166000000	166500000	-0.046847	-2.364408	-2.853823
333	166500000	167000000	-0.188854	-2.008386	-2.915325
334	167000000	167500000	-0.308085	-1.726148	-3.036271
335	167500000	168000000	-0.440415	-1.418388	-3.032822
336	168000000	168500000	-0.519052	-0.948228	-3.075475
337	168500000	169000000	-0.510143	-0.623653	-3.080495
338	169000000	169500000	-0.621251	-0.306925	-3.107742
339	169500000	170000000	-0.784731	-0.104430	-3.163527
340	170000000	170500000	-0.933290	0.025634	-3.214083
341	170500000	171000000	-1.022470	0.279925	-3.128340
342	171000000	171500000	-1.097005	0.518232	-3.120416
343	171500000	172000000	-1.215931	0.627112	-3.119234
344	172000000	172500000	-1.315224	0.868405	-3.071236
345	172500000	173000000	-1.378422	0.936988	-3.073084
346	173000000	173500000	-1.353629	0.980053	-3.034093
347	173500000	174000000	-1.412087	0.908004	-2.980887
348	174000000	174500000	-1.521764	0.746410	-3.044183
349	174500000	175000000	-1.696791	0.785356	-3.085274
350	175000000	175500000	-1.786451	0.852701	-3.073279
351	175500000	176000000	-1.911273	0.896736	-3.107949
352	176000000	176500000	-2.208772	0.973351	-3.078232
353	176500000	177000000	-2.322056	1.038434	-3.031953
354	177000000	177500000	-2.434280	0.973090	-3.036448
355	177500000	178000000	-2.564175	0.835760	-2.994284
356	178000000	178500000	-2.535281	0.737441	-2.966674
357	178500000	179000000	-2.605114	0.550683	-2.944426
358	179000000	179500000	-2.608875	0.426505	-2.941646
359	179500000	180000000	-2.531292	0.604003	-2.895262
360	180000000	180500000	-2.563690	0.600762	-2.894007
361	180500000	181000000	-2.579876	0.776121	-2.872631
362	181000000	181500000	-2.520241	1.106482	-2.831135
