# Chromosome: chr12, Resolution: 500000bp
# Generated: 2026-08-26 10:17:32
bin	start	end	x	y	z
0	0	500000	-3.373747	1.809245	-2.016618
1	500000	1000000	-3.220364	1.919287	-1.928494
2	1000000	1500000	-3.174749	1.931976	-1.946838
3	1500000	2000000	-3.111746	1.922495	-1.943911
4	2000000	2500000	-2.886587	1.851318	-2.123171
5	2500000	3000000	-2.810945	1.878733	-2.107309
6	3000000	3500000	-2.695173	1.915147	-2.189670
7	3500000	4000000	-2.554086	1.896783	-2.197914
8	4000000	4500000	-2.471886	1.885246	-2.214496
9	4500000	5000000	-2.334619	1.742186	-2.395036
10	5000000	5500000	-2.286968	1.545153	-2.642293
11	5500000	6000000	-2.222317	1.460209	-2.788852
12	6000000	6500000	-2.089333	1.540575	-2.751699
13	6500000	7000000	-2.093798	1.546536	-2.884518
14	7000000	7500000	-2.028336	1.548043	-3.111898
15	7500000	8000000	-1.952533	1.434414	-3.309937
16	8000000	8500000	-1.840531	1.519863	-3.305360
17	8500000	9000000	-1.676668	1.836920	-3.189642
18	9000000	9500000	-1.755518	2.215162	-2.825410
19	9500000	10000000	-1.839262	2.566249	-2.558667
20	10000000	10500000	-1.703804	2.688781	-2.380638
21	10500000	11000000	-1.563192	2.610984	-2.448250
22	11000000	11500000	-1.427333	2.685761	-2.453229
23	11500000	12000000	-1.403686	2.906679	-2.164865
24	12000000	12500000	-1.282442	2.970318	-2.060202
25	12500000	13000000	-0.981288	2.880010	-2.186687
26	13000000	13500000	-0.658605	2.652691	-2.380370
27	13500000	14000000	-0.474215	2.802256	-2.243383
28	14000000	14500000	-0.400613	3.124745	-1.781691
29	14500000	15000000	-0.205979	3.318350	-1.350387
30	15000000	15500000	0.012714	3.422029	-1.255856
31	15500000	16000000	0.139737	3.571004	-0.941551
32	16000000	16500000	0.317430	3.683714	-0.620226
33	16500000	17000000	0.460648	3.852052	-0.369528
34	17000000	17500000	0.607226	3.901855	-0.187095
35	17500000	18000000	0.663573	3.926977	-0.079509
36	18000000	18500000	0.601362	4.036196	-0.202346
37	18500000	19000000	0.613108	4.109624	-0.173702
38	19000000	19500000	0.752288	4.071649	-0.210050
39	19500000	20000000	0.836595	3.962712	-0.321575
40	20000000	20500000	0.918564	3.928779	-0.408558
41	20500000	21000000	1.011466	3.830356	-0.510669
42	21000000	21500000	1.138450	3.700418	-0.822194
43	21500000	22000000	1.253454	3.641328	-0.932945
44	22000000	22500000	1.379996	3.484899	-1.280706
45	22500000	23000000	1.348173	3.327472	-1.627448
46	23000000	23500000	1.323156	3.182513	-2.011928
47	23500000	24000000	1.174496	2.971780	-2.235619
48	24000000	24500000	1.098929	2.897138	-2.474870
49	24500000	25000000	1.042433	2.638441	-2.637931
50	25000000	25500000	0.951763	2.307953	-2.889436
51	25500000	26000000	0.828387	1.978911	-2.925861
52	26000000	26500000	0.826441	1.841909	-2.916655
53	26500000	27000000	0.974724	1.954324	-2.802351
54	27000000	27500000	1.164524	2.040299	-2.614857
55	27500000	28000000	1.285355	2.098057	-2.492029
56	28000000	28500000	1.422304	2.270862	-2.157984
57	28500000	29000000	1.672811	2.507686	-1.778921
58	29000000	29500000	1.816659	2.737856	-1.574757
59	29500000	30000000	1.981615	2.713844	-1.686655
60	30000000	30500000	1.788015	2.462078	-1.685239
61	30500000	31000000	1.805083	2.370777	-1.912059
62	31000000	31500000	1.787288	2.228734	-1.919120
63	31500000	32000000	1.926767	2.378262	-1.622721
64	32000000	32500000	1.954021	2.504245	-1.334434
65	32500000	33000000	1.878469	2.737763	-0.845048
66	33000000	33500000	1.353272	3.163971	-0.060030
67	33500000	34000000	0.872915	3.604720	0.621954
68	34000000	34500000	0.237329	3.904391	1.421013
69	34500000	35000000	-0.265637	4.183277	2.134063
70	35000000	35500000	-0.774252	4.238031	2.508850
71	35500000	36000000	-1.109000	4.265385	2.823656
72	36000000	36500000	-1.078327	4.220895	2.946763
73	36500000	37000000	-0.620912	4.043270	2.956815
74	37000000	37500000	0.146708	3.722634	2.620799
75	37500000	38000000	0.921531	3.394714	2.192474
76	38000000	38500000	1.700948	3.029149	1.402725
77	38500000	39000000	2.257789	2.592930	0.611955
78	39000000	39500000	2.657502	2.191860	0.049107
79	39500000	40000000	2.928851	1.803027	-0.434427
80	40000000	40500000	3.088499	1.453926	-0.898692
81	40500000	41000000	2.966642	1.154042	-1.178276
82	41000000	41500000	2.989992	1.007133	-1.321976
83	41500000	42000000	2.800030	0.912158	-1.176609
84	42000000	42500000	2.792191	0.760149	-1.178664
85	42500000	43000000	2.698120	0.629333	-1.297918
86	43000000	43500000	2.721785	0.489808	-1.461584
87	43500000	44000000	2.645709	0.305913	-1.672606
88	44000000	44500000	2.595082	0.229526	-1.789518
89	44500000	45000000	2.409820	0.014417	-2.081702
90	45000000	45500000	2.479762	-0.248690	-2.381222
91	45500000	46000000	2.287689	-0.327787	-2.431286
92	46000000	46500000	2.035658	-0.497791	-2.591635
93	46500000	47000000	1.637688	-0.754791	-2.730268
94	47000000	47500000	1.289956	-0.971918	-2.894918
95	47500000	48000000	1.059651	-1.236274	-3.101740
96	48000000	48500000	0.698361	-1.491172	-3.169194
97	48500000	49000000	0.225782	-1.550634	-3.300477
98	49000000	49500000	-0.083558	-1.687082	-3.468682
99	49500000	50000000	-0.212964	-1.866024	-3.607035
100	50000000	50500000	-0.338405	-1.818684	-3.691340
101	50500000	51000000	-0.422706	-1.709692	-3.492055
102	51000000	51500000	-0.527766	-1.550915	-3.254105
103	51500000	52000000	-0.587011	-1.500212	-3.269144
104	52000000	52500000	-0.637500	-1.554716	-3.132694
105	52500000	53000000	-0.699170	-1.536924	-3.136003
106	53000000	53500000	-0.525968	-1.422049	-2.944782
107	53500000	54000000	-0.214340	-1.448544	-2.851802
108	54000000	54500000	0.035381	-1.586943	-2.902190
109	54500000	55000000	0.226419	-1.802174	-3.038451
110	55000000	55500000	0.416666	-1.813993	-2.886363
111	55500000	56000000	0.589194	-1.960270	-2.831772
112	56000000	56500000	0.905997	-2.054059	-2.677379
113	56500000	57000000	1.138500	-1.910388	-2.426034
114	57000000	57500000	1.388620	-1.810565	-2.158078
115	57500000	58000000	1.852215	-1.540786	-1.850848
116	58000000	58500000	2.321456	-1.211245	-1.377541
117	58500000	59000000	2.880813	-0.861299	-0.940028
118	59000000	59500000	3.504518	-0.425795	-0.460403
119	59500000	60000000	3.847418	0.054187	0.026562
120	60000000	60500000	3.948181	0.204753	0.238089
121	60500000	61000000	3.923731	0.140915	0.360269
122	61000000	61500000	3.688902	-0.071209	0.278222
123	61500000	62000000	3.615495	-0.200933	0.223983
124	62000000	62500000	3.512470	-0.573600	0.100304
125	62500000	63000000	3.227996	-1.021451	-0.121430
126	63000000	63500000	2.974667	-1.532787	-0.445741
127	63500000	64000000	2.927564	-1.968477	-0.702651
128	64000000	64500000	2.834484	-2.168734	-0.900351
129	64500000	65000000	2.714532	-2.215103	-0.820359
130	65000000	65500000	2.570966	-2.296015	-0.819595
131	65500000	66000000	2.395966	-2.234706	-0.779572
132	66000000	66500000	2.281813	-2.150571	-0.768040
133	66500000	67000000	2.222322	-2.208657	-0.729059
134	67000000	67500000	1.984623	-2.283704	-0.799432
135	67500000	68000000	1.817093	-2.235989	-0.655713
136	68000000	68500000	1.796071	-2.271890	-0.590305
137	68500000	69000000	1.908464	-2.191186	-0.420153
138	69000000	69500000	2.039765	-2.025496	-0.195567
139	69500000	70000000	2.148114	-1.724319	0.130648
140	70000000	70500000	2.349084	-1.503072	0.383143
141	70500000	71000000	2.641902	-1.045499	0.809686
142	71000000	71500000	2.846167	-0.629968	1.234708
143	71500000	72000000	2.987282	-0.246987	1.549710
144	72000000	72500000	2.988189	0.123039	1.843153
145	72500000	73000000	2.960440	0.260069	2.029175
146	73000000	73500000	3.062935	0.315886	2.164128
147	73500000	74000000	3.178359	0.411748	2.365881
148	74000000	74500000	3.031712	0.118745	2.259693
149	74500000	75000000	2.895994	-0.190511	2.075089
150	75000000	75500000	2.805816	-0.531032	1.932766
151	75500000	76000000	2.725818	-0.832465	1.811946
152	76000000	76500000	2.688351	-0.996794	1.800671
153	76500000	77000000	2.551221	-1.240565	1.775895
154	77000000	77500000	2.435295	-1.348844	1.824865
155	77500000	78000000	2.553742	-1.435572	2.029405
156	78000000	78500000	2.624654	-1.698412	2.031496
157	78500000	79000000	2.643042	-1.726650	2.161785
158	79000000	79500000	2.535451	-1.899917	2.228012
159	79500000	80000000	2.505923	-1.910267	2.319326
160	80000000	80500000	2.452854	-1.842282	2.462214
161	80500000	81000000	2.351371	-1.882269	2.520665
162	81000000	81500000	2.265205	-2.019026	2.413623
163	81500000	82000000	2.058194	-1.604616	2.608892
164	82000000	82500000	1.941833	-1.238875	2.751686
165	82500000	83000000	1.827839	-0.721315	3.018468
166	83000000	83500000	1.722761	-0.541363	3.106275
167	83500000	84000000	1.683358	-0.315730	3.196920
168	84000000	84500000	1.569270	-0.026941	3.336186
169	84500000	85000000	1.384614	0.515570	3.695662
170	85000000	85500000	1.358983	0.607577	3.919267
171	85500000	86000000	1.292197	0.540351	3.954952
172	86000000	86500000	1.294703	0.252696	3.898855
173	86500000	87000000	1.104679	0.164829	3.934105
174	87000000	87500000	0.922053	0.006948	3.970832
175	87500000	88000000	0.855951	-0.209839	3.876992
176	88000000	88500000	0.803300	-0.703275	3.547400
177	88500000	89000000	0.778005	-0.971860	3.464324
178	89000000	89500000	0.800119	-1.184340	3.522462
179	89500000	90000000	0.750519	-1.369585	3.386573
180	90000000	90500000	0.818600	-1.679701	3.119976
181	90500000	91000000	0.817073	-2.020658	2.693986
182	91000000	91500000	0.777385	-2.342085	2.363166
183	91500000	92000000	0.679596	-2.423229	2.150325
184	92000000	92500000	0.559053	-2.619464	1.852720
185	92500000	93000000	0.379631	-2.875009	1.445410
186	93000000	93500000	0.219563	-3.012288	1.189036
187	93500000	94000000	0.011280	-3.075570	0.997345
188	94000000	94500000	-0.158214	-3.006954	1.008957
189	94500000	95000000	-0.319239	-3.046074	1.062778
190	95000000	95500000	-0.426808	-2.849662	1.473292
191	95500000	96000000	-0.452238	-2.703701	1.645167
192	96000000	96500000	-0.566694	-2.450295	2.021822
193	96500000	97000000	-0.568781	-2.338866	2.218988
194	97000000	97500000	-0.607175	-2.239306	2.489835
195	97500000	98000000	-0.576638	-2.142491	2.615043
196	98000000	98500000	-0.568842	-1.842098	2.770065
197	98500000	99000000	-0.627718	-1.947489	2.706334
198	99000000	99500000	-0.761130	-1.983207	2.675231
199	99500000	100000000	-0.739020	-2.166845	2.522824
200	100000000	100500000	-0.820867	-2.276756	2.293139
201	100500000	101000000	-0.818263	-2.576528	1.927991
202	101000000	101500000	-0.913372	-2.892453	1.708245
203	101500000	102000000	-1.013524	-3.250191	1.408085
204	102000000	102500000	-1.084787	-3.243922	1.040411
205	102500000	103000000	-1.194342	-3.409408	0.699578
206	103000000	103500000	-1.282096	-3.436453	0.355303
207	103500000	104000000	-1.382493	-3.389412	0.258501
208	104000000	104500000	-1.592159	-3.063710	0.381428
209	104500000	105000000	-1.709601	-2.777180	0.415794
210	105000000	105500000	-1.807063	-2.552710	0.438455
211	105500000	106000000	-1.975405	-2.531395	0.558987
212	106000000	106500000	-2.096417	-2.395545	0.594603
213	106500000	107000000	-2.362313	-2.310186	0.668656
214	107000000	107500000	-2.518115	-2.327622	0.548883
215	107500000	108000000	-2.599508	-2.337952	0.392336
216	108000000	108500000	-2.787529	-2.366413	0.244430
217	108500000	109000000	-2.930667	-2.417084	-0.048636
218	109000000	109500000	-2.897785	-2.422758	-0.401711
219	109500000	110000000	-2.940107	-2.523297	-0.602743
220	110000000	110500000	-2.879996	-2.685986	-0.907357
221	110500000	111000000	-3.016611	-2.760994	-0.904415
222	111000000	111500000	-3.168113	-2.681982	-0.828633
223	111500000	112000000	-3.240216	-2.573834	-0.745254
224	112000000	112500000	-3.288798	-2.305210	-0.379967
225	112500000	113000000	-3.382955	-2.036878	0.194396
226	113000000	113500000	-3.346868	-1.663446	0.713084
227	113500000	114000000	-3.327515	-1.256620	1.268766
228	114000000	114500000	-3.195984	-0.964063	1.657800
229	114500000	115000000	-3.071295	-0.963993	1.786532
230	115000000	115500000	-3.082897	-0.868444	1.960548
231	115500000	116000000	-3.010226	-0.889322	1.973382
232	116000000	116500000	-2.926004	-0.885413	1.808343
233	116500000	117000000	-2.865696	-0.956585	1.560889
234	117000000	117500000	-2.959112	-0.870126	1.466815
235	117500000	118000000	-2.995560	-0.719285	1.327371
236	118000000	118500000	-3.023634	-0.600985	1.121587
237	118500000	119000000	-3.009177	-0.701645	0.716037
238	119000000	119500000	-3.064454	-0.854534	0.288211
239	119500000	120000000	-3.201456	-0.998114	-0.272177
240	120000000	120500000	-3.411661	-1.069956	-0.681144
241	120500000	121000000	-3.490178	-1.301068	-1.156286
242	121000000	121500000	-3.671359	-1.466987	-1.514678
243	121500000	122000000	-3.743213	-1.523273	-1.675682
244	122000000	122500000	-3.789378	-1.442186	-1.593710
245	122500000	123000000	-3.892778	-1.172537	-1.294555
246	123000000	123500000	-3.902597	-1.031097	-0.903587
247	123500000	124000000	-3.668029	-0.818608	-0.313096
248	124000000	124500000	-3.456492	-0.460723	0.444036
249	124500000	125000000	-3.163774	-0.105669	1.139020
250	125000000	125500000	-2.881273	0.167507	1.782282
251	125500000	126000000	-2.583662	0.372536	2.361127
252	126000000	126500000	-2.323849	0.534399	2.785941
253	126500000	127000000	-2.109200	0.716104	3.161739
254	127000000	127500000	-2.094980	0.789982	3.168046
255	127500000	128000000	-2.109790	0.806293	3.027311
256	128000000	128500000	-2.139346	0.672026	2.955591
257	128500000	129000000	-2.298332	0.689309	2.872321
258	129000000	129500000	-2.418333	0.679991	2.689330
259	129500000	130000000	-2.582732	0.602126	2.452820
260	130000000	130500000	-2.770443	0.523636	2.168571
261	130500000	131000000	-3.042356	0.617921	2.025638
262	131000000	131500000	-3.258194	0.678558	1.811199
263	131500000	132000000	-3.441384	0.923975	1.709940
264	132000000	132500000	-3.533636	0.923496	1.548275
265	132500000	133000000	-3.688706	1.012485	1.448317
266	133000000	133500000	-3.788893	1.167540	1.407732
