# Chromosome: chr14, Resolution: 500000bp
# Generated: 2026-09-14 17:11:35
bin	start	end	x	y	z
0	0	500000	6.358316	-3.752556	-0.297777
1	500000	1000000	6.114371	-4.133886	-0.327579
2	1000000	1500000	5.946033	-4.336424	-0.622502
3	1500000	2000000	5.850668	-4.358919	-1.010795
4	2000000	2500000	5.662045	-4.477210	-1.415642
5	2500000	3000000	5.568650	-4.314676	-1.907033
6	3000000	3500000	5.630610	-3.809681	-2.460038
7	3500000	4000000	5.847727	-3.041320	-2.904406
8	4000000	4500000	6.103436	-1.992343	-2.601622
9	4500000	5000000	6.296633	-0.925658	-1.904291
10	5000000	5500000	6.360163	0.086717	-0.874502
11	5500000	6000000	6.244379	0.929229	0.425861
12	6000000	6500000	6.028731	1.473441	1.817479
13	6500000	7000000	5.823453	1.672458	3.090320
14	7000000	7500000	5.647508	1.579674	4.123801
15	7500000	8000000	5.502829	1.078178	4.477376
16	8000000	8500000	5.416269	0.320844	4.571871
17	8500000	9000000	5.478806	-0.508220	4.412456
18	9000000	9500000	5.769226	-1.155341	3.974598
19	9500000	10000000	6.139125	-1.543754	3.355087
20	10000000	10500000	6.448028	-1.630727	2.630198
21	10500000	11000000	6.659103	-1.391627	1.874203
22	11000000	11500000	6.811827	-0.791300	1.147216
23	11500000	12000000	6.913783	0.161894	0.600576
24	12000000	12500000	6.895955	1.234527	0.297395
25	12500000	13000000	6.691016	2.188565	0.275082
26	13000000	13500000	6.322599	3.022724	0.537408
27	13500000	14000000	5.772712	3.751860	1.107385
28	14000000	14500000	5.086021	4.400760	1.830827
29	14500000	15000000	4.392817	4.979129	2.479015
30	15000000	15500000	3.838330	5.454369	2.848499
31	15500000	16000000	3.484879	5.793414	2.893725
32	16000000	16500000	3.350088	5.989847	2.593142
33	16500000	17000000	3.433341	5.948413	1.822743
34	17000000	17500000	3.592069	5.635902	0.648587
35	17500000	18000000	3.921222	5.189036	-0.603296
36	18000000	18500000	3.922578	4.627407	-1.614417
37	18500000	19000000	3.703133	3.702381	-2.216414
38	19000000	19500000	3.350651	2.680323	-2.644710
39	19500000	20000000	2.839434	1.541358	-2.833812
40	20000000	20500000	2.194650	0.794520	-2.739447
41	20500000	21000000	1.657056	0.200841	-2.443076
42	21000000	21500000	1.095328	-0.578289	-2.077572
43	21500000	22000000	0.905267	-1.249796	-1.816149
44	22000000	22500000	0.882588	-1.504743	-1.781276
45	22500000	23000000	0.820828	-1.677336	-1.782051
46	23000000	23500000	0.766309	-1.379356	-1.832064
47	23500000	24000000	0.756753	-1.125828	-1.903934
48	24000000	24500000	0.733631	-0.607709	-2.058665
49	24500000	25000000	0.696693	0.155718	-2.200553
50	25000000	25500000	0.665657	0.856032	-2.346686
51	25500000	26000000	0.603357	1.484626	-2.526110
52	26000000	26500000	0.596256	2.150030	-2.680862
53	26500000	27000000	0.621012	2.466057	-2.887472
54	27000000	27500000	0.596544	2.492999	-3.028336
55	27500000	28000000	0.532048	2.391283	-3.121463
56	28000000	28500000	0.498152	2.210535	-3.212030
57	28500000	29000000	0.429660	1.970638	-3.243348
58	29000000	29500000	0.331758	1.409411	-3.195705
59	29500000	30000000	0.213883	0.790245	-3.110570
60	30000000	30500000	0.100339	0.376761	-3.036033
61	30500000	31000000	0.003441	0.106151	-3.036503
62	31000000	31500000	-0.054957	-0.120156	-3.000527
63	31500000	32000000	-0.108957	-0.235253	-2.942091
64	32000000	32500000	-0.140377	-0.367846	-2.929411
65	32500000	33000000	-0.148750	-0.284583	-2.881579
66	33000000	33500000	-0.139095	-0.388261	-2.842635
67	33500000	34000000	-0.172297	-0.657122	-2.758725
68	34000000	34500000	-0.211817	-0.712380	-2.605446
69	34500000	35000000	-0.289078	-0.709343	-2.512687
70	35000000	35500000	-0.324640	-0.617531	-2.427432
71	35500000	36000000	-0.365836	-0.301503	-2.309658
72	36000000	36500000	-0.444175	0.135382	-2.329463
73	36500000	37000000	-0.534339	0.763986	-2.336910
74	37000000	37500000	-0.601497	1.334486	-2.301524
75	37500000	38000000	-0.721661	1.437848	-2.415258
76	38000000	38500000	-0.821436	1.514184	-2.470853
77	38500000	39000000	-0.953110	1.572754	-2.639889
78	39000000	39500000	-1.057281	1.544541	-2.859884
79	39500000	40000000	-1.122215	1.488494	-2.956317
80	40000000	40500000	-1.230824	1.449469	-3.109777
81	40500000	41000000	-1.328304	1.372522	-3.324802
82	41000000	41500000	-1.311019	1.792290	-3.324934
83	41500000	42000000	-1.293108	2.135943	-3.265484
84	42000000	42500000	-1.295345	2.339587	-3.134431
85	42500000	43000000	-1.343229	2.464954	-2.943188
86	43000000	43500000	-1.382577	2.310591	-2.814897
87	43500000	44000000	-1.377598	2.077823	-2.605184
88	44000000	44500000	-1.461979	2.078009	-2.461475
89	44500000	45000000	-1.613403	1.851947	-2.449407
90	45000000	45500000	-1.784710	1.630776	-2.441849
91	45500000	46000000	-1.976275	1.450729	-2.412266
92	46000000	46500000	-2.123100	1.315005	-2.382922
93	46500000	47000000	-2.280133	1.428718	-2.364166
94	47000000	47500000	-2.406911	1.665709	-2.352211
95	47500000	48000000	-2.451644	1.646504	-2.273955
96	48000000	48500000	-2.316158	1.214247	-2.088440
97	48500000	49000000	-2.159918	0.616540	-1.928835
98	49000000	49500000	-2.033197	0.106422	-1.797044
99	49500000	50000000	-1.939698	-0.372228	-1.756604
100	50000000	50500000	-1.835476	-0.894083	-1.700031
101	50500000	51000000	-1.776633	-1.350628	-1.709543
102	51000000	51500000	-1.725413	-1.738178	-1.701217
103	51500000	52000000	-1.867375	-1.667408	-1.744625
104	52000000	52500000	-2.034175	-1.431191	-1.751914
105	52500000	53000000	-2.098444	-1.275575	-1.725525
106	53000000	53500000	-2.113487	-1.387883	-1.642131
107	53500000	54000000	-2.153833	-1.491857	-1.562790
108	54000000	54500000	-2.293444	-1.526275	-1.491642
109	54500000	55000000	-2.459271	-1.340314	-1.416839
110	55000000	55500000	-2.572942	-1.147968	-1.349261
111	55500000	56000000	-2.601039	-1.061162	-1.289633
112	56000000	56500000	-2.664465	-0.919267	-1.252151
113	56500000	57000000	-2.712623	-0.754743	-1.194967
114	57000000	57500000	-2.811365	-0.573005	-1.135029
115	57500000	58000000	-2.837517	-0.557030	-1.046289
116	58000000	58500000	-2.853225	-0.502566	-0.945859
117	58500000	59000000	-2.873055	-0.630861	-0.837886
118	59000000	59500000	-2.915512	-0.654030	-0.749137
119	59500000	60000000	-2.955601	-0.782725	-0.643499
120	60000000	60500000	-3.054595	-0.804792	-0.597178
121	60500000	61000000	-3.102566	-0.565331	-0.585671
122	61000000	61500000	-3.094558	-0.231882	-0.609355
123	61500000	62000000	-2.923265	-0.247793	-0.566922
124	62000000	62500000	-2.809943	-0.461869	-0.524925
125	62500000	63000000	-2.731591	-0.764775	-0.421427
126	63000000	63500000	-2.673544	-0.973241	-0.290093
127	63500000	64000000	-2.594672	-1.186700	-0.165595
128	64000000	64500000	-2.521607	-1.582964	-0.043232
129	64500000	65000000	-2.366429	-1.943644	0.130047
130	65000000	65500000	-2.327594	-2.268621	0.168645
131	65500000	66000000	-2.198799	-2.297440	0.218209
132	66000000	66500000	-2.046058	-2.401284	0.237940
133	66500000	67000000	-1.900137	-2.605075	0.177731
134	67000000	67500000	-1.791981	-2.752853	0.186177
135	67500000	68000000	-1.641425	-2.907644	0.297550
136	68000000	68500000	-1.548739	-3.159448	0.376979
137	68500000	69000000	-1.530266	-3.290515	0.564774
138	69000000	69500000	-1.464732	-3.504501	0.684373
139	69500000	70000000	-1.362868	-3.569551	0.724511
140	70000000	70500000	-1.287969	-3.634471	0.806772
141	70500000	71000000	-1.122763	-3.574139	0.895063
142	71000000	71500000	-1.025337	-3.580686	0.951310
143	71500000	72000000	-0.917443	-3.707249	1.014327
144	72000000	72500000	-0.748114	-3.817005	1.071826
145	72500000	73000000	-0.748090	-3.719462	1.199847
146	73000000	73500000	-0.787183	-3.659961	1.388016
147	73500000	74000000	-0.843593	-3.619431	1.533656
148	74000000	74500000	-1.033300	-3.537006	1.595177
149	74500000	75000000	-1.214016	-3.372362	1.662019
150	75000000	75500000	-1.389313	-3.083957	1.715702
151	75500000	76000000	-1.555884	-2.818151	1.724444
152	76000000	76500000	-1.664573	-2.506185	1.619457
153	76500000	77000000	-1.862641	-2.009068	1.500282
154	77000000	77500000	-2.031322	-1.376416	1.352183
155	77500000	78000000	-2.104160	-0.797017	1.168223
156	78000000	78500000	-2.206558	-0.251022	0.948037
157	78500000	79000000	-2.384828	0.290943	0.824074
158	79000000	79500000	-2.566056	0.726635	0.685456
159	79500000	80000000	-2.636068	1.009251	0.623318
160	80000000	80500000	-2.666181	1.211708	0.574873
161	80500000	81000000	-2.629142	1.430945	0.522387
162	81000000	81500000	-2.677968	1.624868	0.550068
163	81500000	82000000	-2.656248	1.729934	0.597093
164	82000000	82500000	-2.548392	1.888651	0.575313
165	82500000	83000000	-2.459842	2.224391	0.566649
166	83000000	83500000	-2.417721	2.521076	0.580472
167	83500000	84000000	-2.333456	2.707873	0.564144
168	84000000	84500000	-2.341764	2.771221	0.658704
169	84500000	85000000	-2.215227	2.803595	0.735673
170	85000000	85500000	-2.091351	2.899766	0.724737
171	85500000	86000000	-2.014667	2.871653	0.761013
172	86000000	86500000	-1.963872	2.673134	0.790808
173	86500000	87000000	-1.944243	2.435444	0.864082
174	87000000	87500000	-1.980973	2.138220	0.989750
175	87500000	88000000	-2.042576	1.727691	1.098695
176	88000000	88500000	-2.167603	1.285264	1.218459
177	88500000	89000000	-2.204051	0.843598	1.388197
178	89000000	89500000	-2.263720	0.422617	1.573755
179	89500000	90000000	-2.287915	-0.039518	1.814019
180	90000000	90500000	-2.375592	-0.327855	2.242737
181	90500000	91000000	-2.361341	-0.585716	2.406559
182	91000000	91500000	-2.255572	-0.720314	2.631784
183	91500000	92000000	-1.593654	-0.247838	3.314446
184	92000000	92500000	-1.038324	0.253184	4.013585
185	92500000	93000000	-0.864864	0.517704	4.398012
186	93000000	93500000	-0.791693	0.784710	4.400355
187	93500000	94000000	-0.666934	0.798376	4.176523
188	94000000	94500000	-0.552860	0.896453	4.195345
189	94500000	95000000	-0.460266	1.037225	4.111415
190	95000000	95500000	-0.882892	0.613414	3.467839
191	95500000	96000000	-1.264953	0.284176	2.819321
192	96000000	96500000	-1.260991	0.298982	2.403269
193	96500000	97000000	-1.160502	0.514085	2.320285
194	97000000	97500000	-1.057048	0.938575	2.207195
195	97500000	98000000	-0.991315	1.130550	2.121621
196	98000000	98500000	-0.900043	1.127202	2.066054
197	98500000	99000000	-0.879390	0.975182	2.130236
198	99000000	99500000	-0.898902	0.906400	2.203681
199	99500000	100000000	-0.929820	0.862924	2.310877
200	100000000	100500000	-0.867810	0.486876	2.392377
201	100500000	101000000	-0.809108	-0.102513	2.524056
202	101000000	101500000	-0.762977	-0.608993	2.661804
203	101500000	102000000	-0.714027	-0.904935	2.805290
204	102000000	102500000	-0.601456	-1.146977	2.912884
205	102500000	103000000	-0.487553	-1.510156	3.125349
206	103000000	103500000	-0.297989	-2.064655	3.368915
207	103500000	104000000	-0.164547	-2.371693	3.577429
208	104000000	104500000	0.342249	-2.566545	3.970155
209	104500000	105000000	0.989786	-2.422682	4.422639
210	105000000	105500000	1.404911	-2.279709	4.838936
211	105500000	106000000	1.649450	-2.240545	5.086542
212	106000000	106500000	2.028552	-2.313837	5.290208
213	106500000	107000000	2.495540	-2.254374	5.514564
