# Chromosome: chr20, Resolution: 500000bp
# Generated: 2026-07-31 11:31:23
bin	start	end	x	y	z
0	0	500000	-2.420475	1.126234	-2.540131
1	500000	1000000	-2.325552	1.110179	-2.470620
2	1000000	1500000	-2.452889	1.153676	-2.284390
3	1500000	2000000	-2.541986	1.201411	-2.112969
4	2000000	2500000	-2.689661	1.130315	-1.861809
5	2500000	3000000	-2.599021	0.911750	-1.849233
6	3000000	3500000	-2.534879	0.749300	-1.826798
7	3500000	4000000	-2.494327	0.450178	-1.805674
8	4000000	4500000	-2.613221	0.154657	-1.753652
9	4500000	5000000	-2.415313	-0.319334	-1.900535
10	5000000	5500000	-2.242216	-0.812196	-2.152646
11	5500000	6000000	-2.101181	-1.287006	-2.327363
12	6000000	6500000	-1.937789	-1.592928	-2.471867
13	6500000	7000000	-1.672490	-1.945930	-2.572754
14	7000000	7500000	-1.482733	-2.154277	-2.615713
15	7500000	8000000	-1.131490	-2.497985	-2.607134
16	8000000	8500000	-1.004641	-2.715506	-2.474074
17	8500000	9000000	-0.811972	-2.842773	-2.297632
18	9000000	9500000	-0.502306	-2.930081	-2.082312
19	9500000	10000000	-0.390791	-3.012050	-1.769308
20	10000000	10500000	-0.279164	-3.171172	-1.459913
21	10500000	11000000	-0.146189	-3.420647	-1.182789
22	11000000	11500000	-0.121671	-3.532856	-1.043260
23	11500000	12000000	-0.100262	-3.483049	-0.888155
24	12000000	12500000	-0.212453	-3.489513	-0.647342
25	12500000	13000000	-0.550953	-3.538017	-0.432981
26	13000000	13500000	-0.863645	-3.523545	-0.244314
27	13500000	14000000	-1.320308	-3.327199	-0.291311
28	14000000	14500000	-1.621537	-3.163223	-0.289008
29	14500000	15000000	-1.867612	-2.929623	-0.225870
30	15000000	15500000	-2.056870	-2.821621	-0.260950
31	15500000	16000000	-2.198038	-2.713443	-0.327115
32	16000000	16500000	-2.310195	-2.324636	-0.338255
33	16500000	17000000	-2.353289	-2.016062	-0.347457
34	17000000	17500000	-2.380163	-1.777608	-0.128555
35	17500000	18000000	-2.548506	-1.526438	-0.032358
36	18000000	18500000	-2.561036	-1.273702	0.092957
37	18500000	19000000	-2.675752	-1.088449	0.350057
38	19000000	19500000	-2.725017	-0.999585	0.661707
39	19500000	20000000	-2.530365	-1.103340	0.863220
40	20000000	20500000	-2.166722	-1.395933	0.988880
41	20500000	21000000	-1.687309	-1.747233	1.109616
42	21000000	21500000	-1.308704	-1.988899	1.299421
43	21500000	22000000	-1.129519	-2.282298	1.499626
44	22000000	22500000	-0.793034	-2.360942	1.512529
45	22500000	23000000	-0.424645	-2.364173	1.418563
46	23000000	23500000	-0.220981	-2.440981	1.595166
47	23500000	24000000	-0.433623	-2.267571	1.797820
48	24000000	24500000	-0.655456	-2.100559	2.061701
49	24500000	25000000	-0.825968	-1.786374	2.480096
50	25000000	25500000	-0.967378	-1.233507	2.900496
51	25500000	26000000	-1.235792	-0.793082	3.361494
52	26000000	26500000	-1.719531	-0.398988	3.749733
53	26500000	27000000	-2.168052	0.010108	3.910449
54	27000000	27500000	-1.920011	0.218729	4.266498
55	27500000	28000000	-1.533179	0.179517	4.355729
56	28000000	28500000	-1.053145	-0.065510	4.243738
57	28500000	29000000	-0.537886	-0.414780	4.157646
58	29000000	29500000	-0.015264	-0.740679	4.152909
59	29500000	30000000	0.623445	-1.019387	4.085095
60	30000000	30500000	1.062207	-0.870698	3.812888
61	30500000	31000000	0.825830	-0.486829	3.269863
62	31000000	31500000	0.448597	0.203375	2.862450
63	31500000	32000000	0.047407	0.941719	2.472677
64	32000000	32500000	-0.573089	1.577805	1.955056
65	32500000	33000000	-1.189776	2.113737	1.482118
66	33000000	33500000	-1.686560	2.761937	1.167486
67	33500000	34000000	-1.831885	3.037202	1.097581
68	34000000	34500000	-1.789472	3.271190	1.143832
69	34500000	35000000	-1.802757	3.491635	0.981299
70	35000000	35500000	-1.962576	3.630871	0.755330
71	35500000	36000000	-1.827744	3.722763	0.596886
72	36000000	36500000	-1.514157	3.762815	0.344927
73	36500000	37000000	-1.267644	3.629235	0.029923
74	37000000	37500000	-1.100733	3.402152	-0.403981
75	37500000	38000000	-0.815138	2.899136	-1.084405
76	38000000	38500000	-0.427594	2.261469	-1.577733
77	38500000	39000000	0.010684	1.721652	-1.920756
78	39000000	39500000	0.439814	1.244702	-2.166317
79	39500000	40000000	0.861017	0.839002	-2.575512
80	40000000	40500000	1.194365	0.488788	-2.816084
81	40500000	41000000	1.481832	0.139812	-2.882565
82	41000000	41500000	1.709739	0.066971	-2.774137
83	41500000	42000000	1.807693	0.252846	-2.616481
84	42000000	42500000	1.811979	0.464078	-2.471353
85	42500000	43000000	1.680783	0.671247	-2.450241
86	43000000	43500000	1.421822	1.007260	-2.340757
87	43500000	44000000	1.288921	1.372654	-2.316479
88	44000000	44500000	1.179349	1.757980	-2.333297
89	44500000	45000000	0.971252	2.167794	-2.258148
90	45000000	45500000	0.959008	2.390517	-2.132168
91	45500000	46000000	0.980077	2.585465	-2.025740
92	46000000	46500000	1.162646	2.784168	-1.911185
93	46500000	47000000	1.361204	2.807931	-1.710614
94	47000000	47500000	1.420751	2.896880	-1.473269
95	47500000	48000000	1.544512	3.104348	-1.155142
96	48000000	48500000	1.554831	3.172999	-0.930388
97	48500000	49000000	1.470231	3.207413	-0.714885
98	49000000	49500000	1.575620	3.144309	-0.556058
99	49500000	50000000	1.685249	2.852654	-0.513335
100	50000000	50500000	1.786956	2.434990	-0.460920
101	50500000	51000000	2.125605	1.811590	-0.517187
102	51000000	51500000	2.416234	1.129793	-0.644646
103	51500000	52000000	2.680652	0.532722	-0.648930
104	52000000	52500000	2.943602	0.148396	-0.736871
105	52500000	53000000	3.037760	-0.393102	-0.817923
106	53000000	53500000	3.134123	-0.832678	-0.783598
107	53500000	54000000	3.285951	-1.117162	-0.669207
108	54000000	54500000	3.273993	-1.263420	-0.386269
109	54500000	55000000	3.214931	-1.282626	-0.193719
110	55000000	55500000	3.100424	-1.299513	-0.117054
111	55500000	56000000	2.900273	-1.260732	0.081194
112	56000000	56500000	2.891012	-0.870173	0.260207
113	56500000	57000000	2.796296	-0.429692	0.435461
114	57000000	57500000	2.685504	-0.005692	0.619958
115	57500000	58000000	2.686158	0.319599	0.635875
116	58000000	58500000	2.568340	0.417032	0.730193
117	58500000	59000000	2.717545	0.420224	0.941654
118	59000000	59500000	2.908133	0.256502	1.221983
119	59500000	60000000	2.980328	0.004127	1.440065
120	60000000	60500000	3.001071	-0.253330	1.655898
121	60500000	61000000	2.949804	-0.147740	1.838180
122	61000000	61500000	2.668051	0.123350	2.034657
123	61500000	62000000	2.542043	0.608198	2.172755
124	62000000	62500000	2.252059	1.167524	2.333591
125	62500000	63000000	1.931482	1.706748	2.521398
126	63000000	63500000	1.740604	2.079796	2.586897
127	63500000	64000000	1.528482	2.631259	2.695414
128	64000000	64500000	1.314385	2.867648	2.759052
