# Chromosome: chr19, Resolution: 500000bp
# Generated: 2026-08-12 15:28:13
bin	start	end	x	y	z
0	0	500000	0.751936	2.448968	-2.060263
1	500000	1000000	0.756039	2.569503	-1.909756
2	1000000	1500000	0.690237	2.600303	-1.770085
3	1500000	2000000	0.765807	2.580494	-1.579708
4	2000000	2500000	0.945000	2.709759	-1.234751
5	2500000	3000000	0.988865	2.746325	-0.968643
6	3000000	3500000	0.964340	2.731730	-0.627003
7	3500000	4000000	0.886811	2.723326	-0.326126
8	4000000	4500000	0.821542	2.703763	-0.091468
9	4500000	5000000	0.770081	2.755777	0.147634
10	5000000	5500000	0.667177	2.691293	0.210469
11	5500000	6000000	0.462191	2.649148	0.318175
12	6000000	6500000	0.447497	2.596084	0.441193
13	6500000	7000000	0.284638	2.400214	0.387918
14	7000000	7500000	0.061613	2.022003	0.237908
15	7500000	8000000	-0.268282	1.649100	0.044762
16	8000000	8500000	-0.445400	1.307717	-0.087612
17	8500000	9000000	-0.604427	1.258068	-0.118996
18	9000000	9500000	-0.663340	1.235116	-0.202791
19	9500000	10000000	-0.861973	1.197634	-0.401992
20	10000000	10500000	-1.059319	1.280415	-0.609382
21	10500000	11000000	-1.148724	1.470872	-0.708403
22	11000000	11500000	-1.031130	1.751857	-0.636187
23	11500000	12000000	-0.994653	1.864660	-0.421275
24	12000000	12500000	-1.063900	1.889131	-0.196639
25	12500000	13000000	-1.120799	1.868680	0.105367
26	13000000	13500000	-1.163047	1.727512	0.425407
27	13500000	14000000	-1.020291	1.648578	0.971917
28	14000000	14500000	-0.811036	1.583884	1.380533
29	14500000	15000000	-0.661754	1.504487	1.725603
30	15000000	15500000	-0.547219	1.576678	1.843160
31	15500000	16000000	-0.260047	1.546718	1.908235
32	16000000	16500000	-0.068279	1.490971	1.894522
33	16500000	17000000	0.121299	1.552481	1.932763
34	17000000	17500000	0.226201	1.496432	1.993009
35	17500000	18000000	0.241926	1.420906	2.082789
36	18000000	18500000	-0.081226	1.106713	1.853881
37	18500000	19000000	-0.472506	0.673198	1.644376
38	19000000	19500000	-1.090759	0.329509	1.507554
39	19500000	20000000	-1.623235	0.013534	1.182448
40	20000000	20500000	-2.160837	-0.387220	0.821196
41	20500000	21000000	-2.597152	-0.679392	0.297157
42	21000000	21500000	-2.870216	-0.961023	-0.104392
43	21500000	22000000	-2.798675	-1.069141	-0.201319
44	22000000	22500000	-2.738314	-1.131919	-0.448383
45	22500000	23000000	-2.596130	-1.201945	-0.594177
46	23000000	23500000	-2.550527	-1.136753	-0.067054
47	23500000	24000000	-2.554666	-0.856565	0.419932
48	24000000	24500000	-2.656416	-0.459287	0.771190
49	24500000	25000000	-2.889270	0.061956	0.819148
50	25000000	25500000	-3.110515	0.485661	0.592383
51	25500000	26000000	-3.155832	0.601021	0.406796
52	26000000	26500000	-3.073139	0.402854	0.340751
53	26500000	27000000	-2.835385	0.030922	-0.141534
54	27000000	27500000	-2.586947	-0.468082	-0.570356
55	27500000	28000000	-2.210214	-1.021833	-0.744396
56	28000000	28500000	-1.757746	-1.593795	-0.591604
57	28500000	29000000	-1.425806	-2.164706	-0.105487
58	29000000	29500000	-1.182045	-2.449734	0.365644
59	29500000	30000000	-1.088108	-2.461109	0.516146
60	30000000	30500000	-1.034027	-2.519194	0.633274
61	30500000	31000000	-0.928643	-2.429773	0.812477
62	31000000	31500000	-0.806607	-2.353848	0.967552
63	31500000	32000000	-0.713839	-2.324184	1.093512
64	32000000	32500000	-0.536002	-2.298108	1.137758
65	32500000	33000000	-0.373003	-2.187502	1.430380
66	33000000	33500000	-0.226681	-2.050019	1.465992
67	33500000	34000000	-0.043034	-1.706750	1.516472
68	34000000	34500000	0.208169	-1.581609	1.639141
69	34500000	35000000	0.286075	-1.640591	1.413023
70	35000000	35500000	0.293455	-1.715208	1.000950
71	35500000	36000000	0.314053	-1.823619	0.555540
72	36000000	36500000	0.437240	-1.892074	0.107954
73	36500000	37000000	0.693604	-1.886422	0.200102
74	37000000	37500000	0.946878	-1.936626	0.284537
75	37500000	38000000	1.026454	-1.812465	0.200084
76	38000000	38500000	1.288277	-1.597035	0.377969
77	38500000	39000000	1.518909	-1.318031	0.721742
78	39000000	39500000	1.734991	-0.987415	1.193997
79	39500000	40000000	1.898327	-0.732399	1.509866
80	40000000	40500000	1.973194	-0.540956	1.597633
81	40500000	41000000	2.074390	-0.514580	1.422002
82	41000000	41500000	2.168258	-0.748219	1.268488
83	41500000	42000000	2.086613	-0.991854	1.131865
84	42000000	42500000	2.036122	-1.145059	0.924033
85	42500000	43000000	1.939624	-1.275443	0.536942
86	43000000	43500000	1.886496	-1.279798	0.245827
87	43500000	44000000	1.890017	-1.191189	0.075692
88	44000000	44500000	1.781056	-0.994700	0.105115
89	44500000	45000000	1.762123	-0.686268	0.109418
90	45000000	45500000	1.924591	-0.226912	0.160421
91	45500000	46000000	2.182920	0.042796	0.151809
92	46000000	46500000	2.403196	0.294924	0.228983
93	46500000	47000000	2.550150	0.471576	0.176801
94	47000000	47500000	2.570801	0.567298	-0.014086
95	47500000	48000000	2.556669	0.580168	-0.173534
96	48000000	48500000	2.580665	0.685159	-0.421545
97	48500000	49000000	2.476040	0.533747	-0.645216
98	49000000	49500000	2.306041	0.371678	-0.710203
99	49500000	50000000	2.163451	0.210313	-0.820754
100	50000000	50500000	1.852922	0.003695	-0.860016
101	50500000	51000000	1.490886	-0.297896	-1.037130
102	51000000	51500000	1.146728	-0.513262	-1.181056
103	51500000	52000000	0.738566	-0.812487	-1.241567
104	52000000	52500000	0.350160	-1.008361	-1.366911
105	52500000	53000000	-0.088111	-0.916109	-1.832112
106	53000000	53500000	-0.430297	-0.684061	-2.281919
107	53500000	54000000	-0.309207	-0.623227	-2.511844
108	54000000	54500000	-0.192782	-0.676355	-2.508898
109	54500000	55000000	-0.086475	-0.779168	-2.478328
110	55000000	55500000	-0.096711	-0.868634	-2.444613
111	55500000	56000000	0.028395	-0.818364	-2.412308
112	56000000	56500000	0.156316	-0.953959	-2.207779
113	56500000	57000000	0.276523	-1.195970	-1.866984
114	57000000	57500000	0.231330	-1.186501	-2.032092
115	57500000	58000000	0.168568	-1.119389	-2.068428
116	58000000	58500000	0.119116	-1.030477	-2.207851
117	58500000	59000000	0.287753	-0.811975	-2.380365
