# Chromosome: chr13, Resolution: 500000bp
# Generated: 2026-09-24 10:37:31
bin	start	end	x	y	z
0	0	500000	5.267325	-2.879790	3.515337
1	500000	1000000	5.206747	-3.200757	3.285434
2	1000000	1500000	5.195019	-3.464610	2.918851
3	1500000	2000000	5.180590	-3.681528	2.464871
4	2000000	2500000	5.045238	-4.036633	1.835196
5	2500000	3000000	5.015198	-4.281397	1.044791
6	3000000	3500000	5.196219	-4.321973	0.265967
7	3500000	4000000	5.444738	-4.172711	-0.269639
8	4000000	4500000	5.165398	-3.323146	0.290956
9	4500000	5000000	4.788685	-2.273567	1.025372
10	5000000	5500000	4.423325	-1.033886	1.865046
11	5500000	6000000	4.160372	0.263380	2.788324
12	6000000	6500000	3.970029	1.442093	3.690348
13	6500000	7000000	3.765869	2.348788	4.483287
14	7000000	7500000	3.533200	2.999856	5.159621
15	7500000	8000000	3.721721	2.839005	5.053566
16	8000000	8500000	4.001966	2.409635	4.940681
17	8500000	9000000	4.396619	1.827412	4.782245
18	9000000	9500000	4.806478	1.200769	4.575820
19	9500000	10000000	5.168276	0.555265	4.266616
20	10000000	10500000	5.472329	-0.047852	3.722333
21	10500000	11000000	5.603881	-0.625018	2.500966
22	11000000	11500000	5.797629	-0.918899	1.132400
23	11500000	12000000	6.046895	-1.011554	-0.113974
24	12000000	12500000	6.248326	-1.061957	-1.029185
25	12500000	13000000	6.368134	-1.000782	-1.548172
26	13000000	13500000	6.298289	-0.457647	-1.695077
27	13500000	14000000	6.149931	0.225524	-1.497119
28	14000000	14500000	6.192114	0.948583	-0.641694
29	14500000	15000000	6.306444	1.477860	0.149512
30	15000000	15500000	6.381705	1.900263	0.604035
31	15500000	16000000	6.377235	2.213738	0.626353
32	16000000	16500000	6.297564	2.383263	0.277039
33	16500000	17000000	6.217343	2.304202	-0.270000
34	17000000	17500000	5.987542	2.296894	-0.936725
35	17500000	18000000	5.449803	2.320156	-1.656308
36	18000000	18500000	4.648378	2.522824	-1.883972
37	18500000	19000000	3.805323	2.827759	-1.923502
38	19000000	19500000	2.930251	3.148545	-1.629862
39	19500000	20000000	2.149500	3.424969	-1.328839
40	20000000	20500000	1.569049	3.424788	-1.073584
41	20500000	21000000	1.213463	3.277205	-0.874282
42	21000000	21500000	1.150966	3.214494	-0.747885
43	21500000	22000000	1.207218	3.109165	-0.877675
44	22000000	22500000	1.137784	3.120418	-0.789893
45	22500000	23000000	1.102943	3.167411	-0.814407
46	23000000	23500000	0.935191	3.216251	-0.656676
47	23500000	24000000	0.776174	3.238252	-0.518264
48	24000000	24500000	0.776379	3.384335	-0.602269
49	24500000	25000000	0.609012	3.437196	-0.372056
50	25000000	25500000	0.558840	3.568384	-0.421789
51	25500000	26000000	0.482266	3.589409	-0.481785
52	26000000	26500000	0.453110	3.574901	-0.602671
53	26500000	27000000	0.432737	3.579790	-0.670347
54	27000000	27500000	0.420865	3.645127	-0.884218
55	27500000	28000000	0.281015	3.499733	-0.859684
56	28000000	28500000	0.196836	3.555426	-0.874093
57	28500000	29000000	-0.005232	3.580560	-0.804018
58	29000000	29500000	-0.047303	3.514519	-0.874450
59	29500000	30000000	-0.050899	3.321144	-0.982859
60	30000000	30500000	0.012063	3.116227	-1.234731
61	30500000	31000000	-0.108402	3.013017	-1.226726
62	31000000	31500000	-0.319071	3.165714	-1.214679
63	31500000	32000000	-0.397412	3.132404	-1.470182
64	32000000	32500000	-0.393243	2.966320	-1.715284
65	32500000	33000000	-0.276721	2.681496	-2.071640
66	33000000	33500000	-0.198422	2.582829	-2.320721
67	33500000	34000000	-0.182364	2.519800	-2.515629
68	34000000	34500000	-0.038190	2.330652	-2.679619
69	34500000	35000000	0.076952	2.006868	-2.814175
70	35000000	35500000	0.071142	1.798336	-2.830370
71	35500000	36000000	0.111294	1.630686	-2.871295
72	36000000	36500000	0.027216	1.559371	-2.960205
73	36500000	37000000	-0.161608	1.508175	-2.975290
74	37000000	37500000	-0.352935	1.445091	-2.947301
75	37500000	38000000	-0.619224	1.512325	-2.881475
76	38000000	38500000	-0.845757	1.635293	-2.812539
77	38500000	39000000	-0.982516	1.762673	-2.640427
78	39000000	39500000	-1.229282	2.008174	-2.374339
79	39500000	40000000	-1.524467	2.278478	-1.958340
80	40000000	40500000	-1.743665	2.570629	-1.590408
81	40500000	41000000	-1.902238	2.878439	-1.191080
82	41000000	41500000	-2.042630	3.016024	-1.064920
83	41500000	42000000	-2.160615	3.062754	-0.964003
84	42000000	42500000	-2.286641	3.087263	-1.080526
85	42500000	43000000	-2.365685	2.974339	-1.179496
86	43000000	43500000	-2.421749	2.889231	-1.196147
87	43500000	44000000	-2.427577	2.842419	-1.057204
88	44000000	44500000	-2.352093	2.762197	-0.983695
89	44500000	45000000	-2.386922	2.768942	-0.782747
90	45000000	45500000	-2.429035	2.708539	-0.603111
91	45500000	46000000	-2.454227	2.540779	-0.574627
92	46000000	46500000	-2.440098	2.414967	-0.491353
93	46500000	47000000	-2.433973	2.403635	-0.391231
94	47000000	47500000	-2.455883	2.226704	-0.504093
95	47500000	48000000	-2.544182	2.147661	-0.500931
96	48000000	48500000	-2.477525	2.121795	-0.398834
97	48500000	49000000	-2.416181	2.263692	-0.254260
98	49000000	49500000	-2.377200	2.446897	0.106127
99	49500000	50000000	-2.276764	2.552835	0.337219
100	50000000	50500000	-2.115438	2.528677	0.394245
101	50500000	51000000	-1.967130	2.580696	0.567525
102	51000000	51500000	-1.710482	2.381746	0.460538
103	51500000	52000000	-1.346798	2.024599	0.133710
104	52000000	52500000	-0.870683	1.551108	-0.371212
105	52500000	53000000	-0.333719	0.989160	-0.805263
106	53000000	53500000	0.094098	0.551107	-1.227036
107	53500000	54000000	0.507265	0.022567	-1.624752
108	54000000	54500000	0.907051	-0.518788	-2.110277
109	54500000	55000000	1.144674	-0.853287	-2.499113
110	55000000	55500000	1.222832	-1.021948	-2.779706
111	55500000	56000000	1.204583	-1.188083	-2.900390
112	56000000	56500000	1.087377	-1.208703	-3.019988
113	56500000	57000000	0.991792	-1.215564	-3.081385
114	57000000	57500000	0.867760	-1.083144	-3.013412
115	57500000	58000000	0.740751	-0.972924	-2.866510
116	58000000	58500000	0.535856	-0.801523	-2.587166
117	58500000	59000000	0.228597	-0.609959	-2.293488
118	59000000	59500000	0.013324	-0.501586	-2.064343
119	59500000	60000000	-0.158466	-0.414346	-2.006759
120	60000000	60500000	-0.297267	-0.518791	-1.978711
121	60500000	61000000	-0.569342	-0.492121	-2.022403
122	61000000	61500000	-0.850240	-0.530632	-2.211928
123	61500000	62000000	-0.901657	-0.747006	-2.580598
124	62000000	62500000	-0.807554	-1.110873	-2.848392
125	62500000	63000000	-0.789826	-1.367199	-2.992238
126	63000000	63500000	-0.809424	-1.536893	-3.081656
127	63500000	64000000	-0.939412	-1.497919	-3.196666
128	64000000	64500000	-0.904722	-1.708273	-3.313955
129	64500000	65000000	-0.989495	-1.673846	-3.240500
130	65000000	65500000	-1.164326	-1.623550	-3.150008
131	65500000	66000000	-1.239959	-1.620822	-3.048036
132	66000000	66500000	-1.363883	-1.588963	-2.998207
133	66500000	67000000	-1.503002	-1.637833	-2.903056
134	67000000	67500000	-1.648275	-1.736440	-2.787880
135	67500000	68000000	-1.810335	-1.742841	-2.637826
136	68000000	68500000	-1.912489	-1.929631	-2.610763
137	68500000	69000000	-2.041214	-2.088491	-2.537969
138	69000000	69500000	-2.273616	-2.059030	-2.409877
139	69500000	70000000	-2.537544	-1.941098	-2.266926
140	70000000	70500000	-2.756243	-1.853044	-2.148065
141	70500000	71000000	-2.835740	-1.799252	-1.949708
142	71000000	71500000	-2.927352	-1.581606	-1.715741
143	71500000	72000000	-2.915891	-1.414911	-1.487213
144	72000000	72500000	-2.941743	-1.137680	-1.220397
145	72500000	73000000	-3.021361	-0.933143	-1.065568
146	73000000	73500000	-3.013327	-0.943472	-0.933131
147	73500000	74000000	-3.053892	-0.782428	-0.701618
148	74000000	74500000	-3.145625	-0.598424	-0.528835
149	74500000	75000000	-3.161936	-0.835401	-0.509210
150	75000000	75500000	-3.215719	-0.848853	-0.393753
151	75500000	76000000	-3.300496	-0.699846	-0.179368
152	76000000	76500000	-3.322862	-0.748079	-0.044997
153	76500000	77000000	-3.374325	-0.789941	0.116239
154	77000000	77500000	-3.366086	-0.891409	0.157889
155	77500000	78000000	-3.367836	-0.857169	0.283313
156	78000000	78500000	-3.379130	-0.756308	0.437168
157	78500000	79000000	-3.380949	-0.739142	0.545134
158	79000000	79500000	-3.277305	-1.222215	0.477235
159	79500000	80000000	-3.184596	-1.452157	0.477873
160	80000000	80500000	-3.079989	-1.639861	0.445203
161	80500000	81000000	-2.910085	-1.923910	0.396453
162	81000000	81500000	-2.701011	-2.411645	0.243419
163	81500000	82000000	-2.504216	-2.776387	0.129463
164	82000000	82500000	-2.368018	-3.123540	0.040444
165	82500000	83000000	-2.176978	-3.192241	-0.061913
166	83000000	83500000	-1.967208	-3.296908	-0.151722
167	83500000	84000000	-1.696707	-3.332751	-0.260720
168	84000000	84500000	-1.486188	-3.392845	-0.319781
169	84500000	85000000	-1.243411	-3.422592	-0.374603
170	85000000	85500000	-1.017106	-3.433182	-0.364754
171	85500000	86000000	-0.736478	-3.448130	-0.384200
172	86000000	86500000	-0.555132	-3.531874	-0.279111
173	86500000	87000000	-0.315972	-3.573446	-0.206501
174	87000000	87500000	-0.166072	-3.625292	-0.058230
175	87500000	88000000	0.032303	-3.603387	0.079421
176	88000000	88500000	0.166378	-3.697780	0.228990
177	88500000	89000000	0.254305	-3.547503	0.295963
178	89000000	89500000	0.288385	-3.432535	0.354605
179	89500000	90000000	0.217025	-3.119610	0.441451
180	90000000	90500000	0.091183	-2.888466	0.534350
181	90500000	91000000	-0.017027	-2.794489	0.604345
182	91000000	91500000	-0.164766	-2.832387	0.720863
183	91500000	92000000	-0.322292	-2.671421	0.877233
184	92000000	92500000	-0.381248	-2.669802	1.119944
185	92500000	93000000	-0.570206	-2.634803	1.285052
186	93000000	93500000	-0.601151	-2.565563	1.387241
187	93500000	94000000	-0.810695	-2.294433	1.540597
188	94000000	94500000	-0.969996	-1.914700	1.681877
189	94500000	95000000	-0.972336	-1.661470	1.738356
190	95000000	95500000	-1.024517	-1.483186	1.767604
191	95500000	96000000	-1.245638	-1.173029	1.741157
192	96000000	96500000	-1.295064	-0.918039	1.831649
193	96500000	97000000	-1.431786	-0.785198	1.928525
194	97000000	97500000	-1.420208	-0.753662	1.972054
195	97500000	98000000	-1.509929	-0.583339	2.032064
196	98000000	98500000	-1.814160	-0.341917	2.177378
197	98500000	99000000	-2.061214	-0.040211	2.278715
198	99000000	99500000	-2.117250	-0.083217	2.332013
199	99500000	100000000	-2.181344	-0.250326	2.385212
200	100000000	100500000	-2.221289	-0.463908	2.418949
201	100500000	101000000	-2.196233	-0.792429	2.475602
202	101000000	101500000	-2.111650	-0.989772	2.581624
203	101500000	102000000	-2.007225	-1.101500	2.718705
204	102000000	102500000	-1.885756	-1.479018	2.867788
205	102500000	103000000	-1.748410	-1.829346	3.004273
206	103000000	103500000	-1.664779	-1.907967	3.093470
207	103500000	104000000	-1.530355	-1.980871	3.254865
208	104000000	104500000	-1.419513	-2.086018	3.358086
209	104500000	105000000	-1.315149	-2.315749	3.385047
210	105000000	105500000	-1.198605	-2.439298	3.314765
211	105500000	106000000	-1.097605	-2.449716	3.199288
212	106000000	106500000	-1.029626	-2.366791	3.117860
213	106500000	107000000	-0.892091	-2.223392	3.041944
214	107000000	107500000	-0.727957	-2.174454	2.929003
215	107500000	108000000	-0.608481	-1.868287	2.893579
216	108000000	108500000	-0.497192	-1.685896	2.836542
217	108500000	109000000	-0.463125	-1.368868	2.812898
218	109000000	109500000	-0.486765	-0.847019	2.854889
219	109500000	110000000	-0.561733	-0.353104	2.949804
220	110000000	110500000	-0.422705	-0.261387	3.136137
221	110500000	111000000	-0.318902	-0.094932	3.461348
222	111000000	111500000	-0.468073	0.202038	3.466436
223	111500000	112000000	-0.604834	0.570942	3.533874
224	112000000	112500000	-0.678464	0.809208	3.697500
225	112500000	113000000	-0.721268	1.058217	3.832410
226	113000000	113500000	-0.672408	1.121617	3.930933
227	113500000	114000000	-0.907108	1.458258	3.909023
228	114000000	114500000	-1.273463	1.971153	3.597312
