# Chromosome: chr6, Resolution: 500000bp
# Generated: 2026-09-24 10:26:01
bin	start	end	x	y	z
0	0	500000	0.469234	2.032027	-2.929937
1	500000	1000000	0.432800	1.943620	-2.928808
2	1000000	1500000	0.432171	2.016834	-2.878131
3	1500000	2000000	0.468540	2.063336	-2.823204
4	2000000	2500000	0.499545	1.881498	-2.856471
5	2500000	3000000	0.505747	1.902210	-2.802173
6	3000000	3500000	0.554225	1.943812	-2.705522
7	3500000	4000000	0.569792	1.960421	-2.653316
8	4000000	4500000	0.582127	2.000338	-2.572232
9	4500000	5000000	0.591653	1.911531	-2.559957
10	5000000	5500000	0.542834	1.927501	-2.460917
11	5500000	6000000	0.519146	1.942490	-2.343848
12	6000000	6500000	0.559249	1.829236	-2.273621
13	6500000	7000000	0.523704	1.565818	-2.276674
14	7000000	7500000	0.573788	1.201024	-2.339148
15	7500000	8000000	0.635004	0.806755	-2.424498
16	8000000	8500000	0.747777	0.463663	-2.487267
17	8500000	9000000	0.826594	0.072937	-2.607091
18	9000000	9500000	0.901365	-0.093483	-2.631306
19	9500000	10000000	0.911557	0.022731	-2.569317
20	10000000	10500000	1.028011	0.375304	-2.553624
21	10500000	11000000	1.035122	0.831661	-2.424808
22	11000000	11500000	1.110339	1.198657	-2.323767
23	11500000	12000000	1.133694	1.585948	-2.171638
24	12000000	12500000	1.185734	1.998048	-2.057593
25	12500000	13000000	1.270359	2.157387	-2.039574
26	13000000	13500000	1.296469	2.230253	-2.047170
27	13500000	14000000	1.272028	2.238541	-1.951522
28	14000000	14500000	1.309861	2.223891	-1.895002
29	14500000	15000000	1.319194	2.266283	-1.794592
30	15000000	15500000	1.315053	2.154157	-1.814533
31	15500000	16000000	1.335738	1.814879	-1.904340
32	16000000	16500000	1.314519	1.605651	-1.932910
33	16500000	17000000	1.337112	1.316630	-1.951871
34	17000000	17500000	1.381565	0.847200	-2.066788
35	17500000	18000000	1.435976	0.331393	-2.255621
36	18000000	18500000	1.496218	-0.070259	-2.398091
37	18500000	19000000	1.523383	-0.210381	-2.380607
38	19000000	19500000	1.617908	-0.091588	-2.384768
39	19500000	20000000	1.702729	-0.050605	-2.378905
40	20000000	20500000	1.821172	-0.040626	-2.464638
41	20500000	21000000	1.875468	0.153464	-2.489916
42	21000000	21500000	1.891294	0.284007	-2.467144
43	21500000	22000000	1.915820	0.326205	-2.508280
44	22000000	22500000	1.979217	0.211548	-2.598779
45	22500000	23000000	1.947859	0.088073	-2.532647
46	23000000	23500000	1.894076	0.223606	-2.388623
47	23500000	24000000	1.778552	0.460152	-2.164092
48	24000000	24500000	1.776088	0.649610	-2.017270
49	24500000	25000000	1.687638	1.161215	-1.786493
50	25000000	25500000	1.876560	1.674432	-1.538228
51	25500000	26000000	1.991946	2.027381	-1.421613
52	26000000	26500000	2.041480	2.411497	-1.309888
53	26500000	27000000	2.107141	2.549260	-1.304220
54	27000000	27500000	1.749649	2.230976	-1.902346
55	27500000	28000000	1.249419	1.844431	-2.411506
56	28000000	28500000	1.294780	1.978183	-1.803845
57	28500000	29000000	0.972240	2.086693	-1.068608
58	29000000	29500000	0.476866	1.457975	-1.514408
59	29500000	30000000	0.547513	1.408105	-0.725970
60	30000000	30500000	0.021482	0.702813	-1.235123
61	30500000	31000000	-0.063873	0.455225	-1.175939
62	31000000	31500000	-0.026547	1.182901	-0.826573
63	31500000	32000000	-0.511290	0.889019	-1.916384
64	32000000	32500000	-0.447128	0.911330	-2.558354
65	32500000	33000000	-0.182375	1.815335	-1.926982
66	33000000	33500000	-0.353622	1.986177	-2.554460
67	33500000	34000000	0.048595	2.857451	-1.982381
68	34000000	34500000	0.486419	3.657454	-1.334416
69	34500000	35000000	0.867816	3.551096	-0.965159
70	35000000	35500000	1.311128	3.766231	-0.385324
71	35500000	36000000	1.340486	3.680722	-0.359798
72	36000000	36500000	1.435525	3.556847	-0.293587
73	36500000	37000000	1.524467	3.397393	-0.261089
74	37000000	37500000	1.634226	3.206054	-0.194082
75	37500000	38000000	1.767840	2.984601	-0.219577
76	38000000	38500000	1.940178	2.755194	-0.276556
77	38500000	39000000	2.139365	2.440058	-0.303937
78	39000000	39500000	2.238410	2.215247	-0.392552
79	39500000	40000000	2.309035	2.092538	-0.432229
80	40000000	40500000	2.319106	2.124169	-0.467374
81	40500000	41000000	2.349992	2.181941	-0.425630
82	41000000	41500000	2.338196	2.353349	-0.323702
83	41500000	42000000	2.300406	2.509342	-0.184317
84	42000000	42500000	2.329317	2.646266	-0.112841
85	42500000	43000000	2.351894	2.695162	-0.002743
86	43000000	43500000	2.423126	2.540364	-0.017623
87	43500000	44000000	2.576151	2.232252	-0.078402
88	44000000	44500000	2.669340	1.972391	-0.159059
89	44500000	45000000	2.736106	1.565230	-0.322776
90	45000000	45500000	2.794009	1.116019	-0.523237
91	45500000	46000000	2.718461	0.756886	-0.642330
92	46000000	46500000	2.745956	0.435989	-0.706371
93	46500000	47000000	2.707005	0.087601	-0.861080
94	47000000	47500000	2.639101	-0.225724	-0.966540
95	47500000	48000000	2.622948	-0.566507	-1.053117
96	48000000	48500000	2.593887	-0.794907	-1.124332
97	48500000	49000000	2.664787	-0.902040	-1.110265
98	49000000	49500000	2.806002	-1.046363	-1.110878
99	49500000	50000000	2.811580	-1.156843	-1.183006
100	50000000	50500000	2.844657	-1.040257	-1.078248
101	50500000	51000000	2.795904	-0.761889	-0.953366
102	51000000	51500000	2.756434	-0.554583	-0.894471
103	51500000	52000000	2.756735	-0.310703	-0.725967
104	52000000	52500000	2.647218	-0.249470	-0.717725
105	52500000	53000000	2.611881	-0.271749	-0.669493
106	53000000	53500000	2.525881	-0.377616	-0.684573
107	53500000	54000000	2.437292	-0.574919	-0.750906
108	54000000	54500000	2.495870	-0.885013	-0.792223
109	54500000	55000000	2.483387	-1.069427	-0.762997
110	55000000	55500000	2.449349	-1.064652	-0.727938
111	55500000	56000000	2.500934	-0.973480	-0.585007
112	56000000	56500000	2.490654	-1.114734	-0.711259
113	56500000	57000000	2.511554	-1.314211	-0.834589
114	57000000	57500000	2.115645	-1.537968	-1.271368
115	57500000	58000000	1.589615	-1.809209	-1.748931
116	58000000	58500000	1.145383	-2.217406	-2.206943
117	58500000	59000000	0.979464	-2.863825	-2.550973
118	59000000	59500000	0.799149	-3.375232	-2.776909
119	59500000	60000000	0.632160	-3.604862	-2.784575
120	60000000	60500000	0.492650	-3.610779	-2.638831
121	60500000	61000000	0.821618	-3.484964	-2.103449
122	61000000	61500000	1.206585	-3.363618	-1.560698
123	61500000	62000000	1.521589	-3.039511	-1.058414
124	62000000	62500000	1.568495	-2.626012	-0.710124
125	62500000	63000000	1.518610	-2.482578	-0.537509
126	63000000	63500000	1.450553	-2.379088	-0.333696
127	63500000	64000000	1.431413	-2.353531	-0.224207
128	64000000	64500000	1.350160	-2.474636	-0.222924
129	64500000	65000000	1.250400	-2.561455	-0.182424
130	65000000	65500000	1.226485	-2.770966	-0.149838
131	65500000	66000000	1.211176	-3.066450	-0.109282
132	66000000	66500000	1.296179	-3.162459	-0.035973
133	66500000	67000000	1.481799	-3.080039	0.055608
134	67000000	67500000	1.548174	-3.042398	0.132806
135	67500000	68000000	1.574986	-2.905041	0.248026
136	68000000	68500000	1.654579	-2.451334	0.385731
137	68500000	69000000	1.704373	-2.083105	0.521628
138	69000000	69500000	1.790663	-1.719074	0.598073
139	69500000	70000000	1.808549	-1.509536	0.681578
140	70000000	70500000	1.702156	-1.464922	0.718148
141	70500000	71000000	1.768019	-1.330575	0.840776
142	71000000	71500000	1.801485	-0.986032	0.968269
143	71500000	72000000	1.778964	-0.953332	0.996766
144	72000000	72500000	1.813693	-0.870321	1.058226
145	72500000	73000000	1.886944	-1.042051	1.157849
146	73000000	73500000	1.938171	-1.035291	1.213007
147	73500000	74000000	1.975914	-0.827435	1.291904
148	74000000	74500000	1.920840	-0.668487	1.303151
149	74500000	75000000	1.920756	-1.000534	1.304857
150	75000000	75500000	1.907973	-1.398295	1.305738
151	75500000	76000000	1.824604	-1.758192	1.270766
152	76000000	76500000	1.749124	-1.857175	1.253194
153	76500000	77000000	1.693255	-2.006628	1.280926
154	77000000	77500000	1.689167	-2.122673	1.371164
155	77500000	78000000	1.749553	-2.087136	1.525655
156	78000000	78500000	1.759033	-1.948106	1.576556
157	78500000	79000000	1.762636	-1.758514	1.630261
158	79000000	79500000	1.757457	-1.808949	1.683354
159	79500000	80000000	1.721940	-1.831251	1.754308
160	80000000	80500000	1.682043	-1.705815	1.850324
161	80500000	81000000	1.641613	-1.591340	1.878395
162	81000000	81500000	1.581891	-1.718634	1.838780
163	81500000	82000000	1.577987	-1.510534	1.892777
164	82000000	82500000	1.565504	-1.407128	1.940405
165	82500000	83000000	1.638832	-1.088448	2.036563
166	83000000	83500000	1.610008	-0.895052	2.106223
167	83500000	84000000	1.580727	-0.786597	2.092794
168	84000000	84500000	1.523072	-0.777189	2.086611
169	84500000	85000000	1.401390	-0.895783	2.043467
170	85000000	85500000	1.301496	-1.147334	2.065790
171	85500000	86000000	1.248807	-0.992786	2.091399
172	86000000	86500000	1.189708	-0.712743	2.093259
173	86500000	87000000	1.170810	-0.402718	2.119262
174	87000000	87500000	1.147160	-0.071633	2.182781
175	87500000	88000000	1.116545	0.192380	2.122835
176	88000000	88500000	1.109358	0.604264	2.121340
177	88500000	89000000	1.070045	0.880772	2.073477
178	89000000	89500000	0.993603	0.736398	2.094378
179	89500000	90000000	0.882816	0.464403	2.146877
180	90000000	90500000	0.780898	0.215217	2.156973
181	90500000	91000000	0.667395	-0.307715	2.142663
182	91000000	91500000	0.575432	-0.780912	2.280897
183	91500000	92000000	0.475040	-1.163453	2.401420
184	92000000	92500000	0.371868	-1.498449	2.507188
185	92500000	93000000	0.264348	-1.732855	2.523201
186	93000000	93500000	0.158084	-2.001237	2.457329
187	93500000	94000000	0.036401	-2.142824	2.510370
188	94000000	94500000	-0.040938	-2.052783	2.526846
189	94500000	95000000	-0.133072	-1.956852	2.559321
190	95000000	95500000	-0.148851	-1.752540	2.520836
191	95500000	96000000	-0.160234	-1.577111	2.513783
192	96000000	96500000	-0.181373	-1.549326	2.463989
193	96500000	97000000	-0.231336	-1.522008	2.427534
194	97000000	97500000	-0.238913	-1.414558	2.335194
195	97500000	98000000	-0.265594	-1.278817	2.210132
196	98000000	98500000	-0.282075	-1.278984	2.056899
197	98500000	99000000	-0.357838	-1.422316	2.037066
198	99000000	99500000	-0.353476	-1.333012	1.990149
199	99500000	100000000	-0.391276	-1.380149	1.907140
200	100000000	100500000	-0.419191	-1.446055	1.808471
201	100500000	101000000	-0.491123	-1.715137	1.602469
202	101000000	101500000	-0.580831	-2.024683	1.618603
203	101500000	102000000	-0.677355	-2.220716	1.554437
204	102000000	102500000	-0.754934	-2.399071	1.444346
205	102500000	103000000	-0.852743	-2.725488	1.264182
206	103000000	103500000	-0.831219	-2.483698	1.346038
207	103500000	104000000	-0.762184	-2.050510	1.411289
208	104000000	104500000	-0.653370	-1.427498	1.565321
209	104500000	105000000	-0.533672	-0.744771	1.585568
210	105000000	105500000	-0.382259	-0.095860	1.617062
211	105500000	106000000	-0.249773	0.558752	1.628394
212	106000000	106500000	-0.134259	1.167905	1.677993
213	106500000	107000000	-0.050641	1.555278	1.627758
214	107000000	107500000	-0.028409	1.836702	1.596474
215	107500000	108000000	-0.019417	1.926015	1.493532
216	108000000	108500000	-0.006091	1.852282	1.458617
217	108500000	109000000	-0.012295	1.809345	1.498692
218	109000000	109500000	-0.043952	1.809706	1.495750
219	109500000	110000000	-0.093728	1.798331	1.518057
220	110000000	110500000	-0.159175	1.673656	1.508911
221	110500000	111000000	-0.274406	1.204125	1.428778
222	111000000	111500000	-0.468631	0.571961	1.344070
223	111500000	112000000	-0.563937	0.383257	1.500192
224	112000000	112500000	-0.647657	0.263098	1.550186
225	112500000	113000000	-0.821395	-0.258388	1.607776
226	113000000	113500000	-0.959185	-0.808339	1.456519
227	113500000	114000000	-1.110052	-1.353856	1.300169
228	114000000	114500000	-1.189661	-1.483669	1.238769
229	114500000	115000000	-1.116459	-1.023680	1.427920
230	115000000	115500000	-1.189906	-1.067808	1.379688
231	115500000	116000000	-1.324505	-1.402753	1.230695
232	116000000	116500000	-1.287883	-1.308136	1.145366
233	116500000	117000000	-1.332292	-1.157364	1.365238
234	117000000	117500000	-1.283285	-0.708941	1.579511
235	117500000	118000000	-1.255664	-0.379113	1.853896
236	118000000	118500000	-1.362712	-0.648181	1.894066
237	118500000	119000000	-1.484428	-0.981456	1.680827
238	119000000	119500000	-1.570975	-1.084102	1.590916
239	119500000	120000000	-1.647108	-1.085237	1.679051
240	120000000	120500000	-1.726850	-1.194270	1.628527
241	120500000	121000000	-1.863049	-1.455855	1.580900
242	121000000	121500000	-1.980819	-1.718233	1.448250
243	121500000	122000000	-2.104828	-1.855411	1.273521
244	122000000	122500000	-2.149625	-1.717564	1.270993
245	122500000	123000000	-2.174431	-1.656215	1.347644
246	123000000	123500000	-2.275390	-1.738995	1.298564
247	123500000	124000000	-2.308552	-1.573748	1.275777
248	124000000	124500000	-2.252046	-1.350456	1.263914
249	124500000	125000000	-2.228622	-1.219179	1.227897
250	125000000	125500000	-2.231864	-1.073343	1.360941
251	125500000	126000000	-2.200952	-0.889841	1.503770
252	126000000	126500000	-2.344056	-0.664720	1.786297
253	126500000	127000000	-2.266319	-0.967373	1.069296
254	127000000	127500000	-2.262766	-0.953485	1.122147
255	127500000	128000000	-2.349614	-1.051358	1.206178
256	128000000	128500000	-2.285561	-0.833764	1.271057
257	128500000	129000000	-2.154913	-0.577584	1.168661
258	129000000	129500000	-2.093971	-0.385450	1.125540
259	129500000	130000000	-1.884396	-0.243118	0.964603
260	130000000	130500000	-1.877680	0.325117	1.721946
261	130500000	131000000	-1.818847	0.478198	1.748117
262	131000000	131500000	-1.745399	0.662483	1.651342
263	131500000	132000000	-1.850147	0.321890	1.400205
264	132000000	132500000	-1.963408	0.218506	1.436948
265	132500000	133000000	-1.978926	0.240708	1.400117
266	133000000	133500000	-1.962505	0.361532	1.357905
267	133500000	134000000	-1.874503	0.626436	1.262094
268	134000000	134500000	-1.882094	0.751651	1.208366
269	134500000	135000000	-1.899366	0.834217	1.211161
270	135000000	135500000	-1.786025	1.305301	1.390889
271	135500000	136000000	-1.669037	1.623297	1.303115
272	136000000	136500000	-1.625535	1.797099	1.245035
273	136500000	137000000	-1.625270	1.818470	1.123948
274	137000000	137500000	-1.705161	1.747674	1.084752
275	137500000	138000000	-1.761931	1.755568	1.009161
276	138000000	138500000	-1.889969	1.687724	1.015706
277	138500000	139000000	-2.173739	1.409689	1.006766
278	139000000	139500000	-2.418629	1.101166	1.084951
279	139500000	140000000	-2.662602	0.718808	1.141178
280	140000000	140500000	-2.895424	0.387038	1.182072
281	140500000	141000000	-3.020651	0.020833	1.139398
282	141000000	141500000	-3.034361	-0.045360	1.129076
283	141500000	142000000	-2.990104	-0.077327	1.034764
284	142000000	142500000	-2.825854	0.034106	0.976592
285	142500000	143000000	-2.644132	0.250734	0.840451
286	143000000	143500000	-2.546037	0.419245	0.725584
287	143500000	144000000	-2.491490	0.506880	0.659572
288	144000000	144500000	-2.463386	0.693850	0.681665
289	144500000	145000000	-2.501539	0.373649	0.551583
290	145000000	145500000	-2.552475	0.072137	0.432726
291	145500000	146000000	-2.639480	-0.063631	0.367815
292	146000000	146500000	-2.771489	-0.392607	0.278790
293	146500000	147000000	-2.766470	-0.553564	0.182423
294	147000000	147500000	-2.679400	-0.352060	0.105254
295	147500000	148000000	-2.599595	-0.068951	0.052592
296	148000000	148500000	-2.437780	0.440559	0.049878
297	148500000	149000000	-2.343051	0.864101	-0.003601
298	149000000	149500000	-2.193445	1.130280	-0.070861
299	149500000	150000000	-2.078621	1.366045	-0.076818
300	150000000	150500000	-2.118615	1.418056	-0.088151
301	150500000	151000000	-2.137894	1.217217	-0.157497
302	151000000	151500000	-2.287992	0.823540	-0.244081
303	151500000	152000000	-2.474597	0.387373	-0.285015
304	152000000	152500000	-2.585751	0.016775	-0.298976
305	152500000	153000000	-2.683970	-0.165655	-0.305322
306	153000000	153500000	-2.728068	-0.114988	-0.335559
307	153500000	154000000	-2.675998	0.103952	-0.298127
308	154000000	154500000	-2.777676	0.238669	-0.283860
309	154500000	155000000	-2.767291	0.436407	-0.334720
310	155000000	155500000	-2.660811	0.863540	-0.321323
311	155500000	156000000	-2.594513	1.324342	-0.295813
312	156000000	156500000	-2.508584	1.639263	-0.319241
313	156500000	157000000	-2.445761	1.805782	-0.321630
314	157000000	157500000	-2.394349	1.977729	-0.349189
315	157500000	158000000	-2.274418	2.085000	-0.393899
316	158000000	158500000	-2.174244	2.170334	-0.421402
317	158500000	159000000	-2.256714	2.011552	-0.550085
318	159000000	159500000	-2.330550	1.783947	-0.680019
319	159500000	160000000	-2.452803	1.499205	-0.762484
320	160000000	160500000	-2.615055	1.061670	-0.835013
321	160500000	161000000	-2.753622	0.485478	-0.967120
322	161000000	161500000	-2.858114	0.110769	-1.013037
323	161500000	162000000	-2.994948	-0.120537	-1.031504
324	162000000	162500000	-3.003155	-0.255129	-1.022411
325	162500000	163000000	-3.033362	-0.471271	-1.012855
326	163000000	163500000	-3.104743	-0.759808	-1.055863
327	163500000	164000000	-3.078200	-0.880560	-1.131167
328	164000000	164500000	-3.041744	-0.844849	-1.149157
329	164500000	165000000	-2.977117	-0.639298	-1.180945
330	165000000	165500000	-2.837346	-0.473436	-1.244040
331	165500000	166000000	-2.767325	-0.299555	-1.292632
332	166000000	166500000	-2.706825	-0.046704	-1.360874
333	166500000	167000000	-2.658385	0.081871	-1.440786
334	167000000	167500000	-2.680844	0.107059	-1.567282
335	167500000	168000000	-2.649743	0.078724	-1.700338
336	168000000	168500000	-2.695569	0.005478	-1.849844
337	168500000	169000000	-2.819479	-0.185515	-2.054968
338	169000000	169500000	-2.986128	-0.300689	-2.299861
339	169500000	170000000	-3.022944	-0.482699	-2.419692
340	170000000	170500000	-3.044583	-0.464447	-2.518158
341	170500000	171000000	-3.033368	-0.277144	-2.579268
