# Chromosome: chr18, Resolution: 500000bp
# Generated: 2026-09-02 10:52:13
bin	start	end	x	y	z
0	0	500000	-0.456798	2.705606	-0.958617
1	500000	1000000	-0.333097	2.605220	-1.008352
2	1000000	1500000	-0.422236	2.299717	-1.265654
3	1500000	2000000	-0.518062	2.111090	-1.495439
4	2000000	2500000	-0.317810	1.986257	-1.717870
5	2500000	3000000	-0.263447	1.903809	-1.949814
6	3000000	3500000	-0.423447	1.596955	-2.230295
7	3500000	4000000	-0.476663	1.493509	-2.420994
8	4000000	4500000	-0.510827	1.538679	-2.562827
9	4500000	5000000	-0.483932	1.716490	-2.548096
10	5000000	5500000	-0.333246	1.891971	-2.354842
11	5500000	6000000	-0.364184	2.147880	-2.148739
12	6000000	6500000	-0.445367	2.352122	-2.046935
13	6500000	7000000	-0.472253	2.392335	-1.861089
14	7000000	7500000	-0.608722	2.311095	-1.769439
15	7500000	8000000	-0.853946	2.180411	-1.833065
16	8000000	8500000	-1.054074	2.056876	-1.846029
17	8500000	9000000	-1.299479	1.896203	-1.927425
18	9000000	9500000	-1.484529	1.612325	-2.079322
19	9500000	10000000	-1.562771	1.372156	-2.150402
20	10000000	10500000	-1.788664	1.161607	-2.263119
21	10500000	11000000	-1.945857	1.081424	-2.293906
22	11000000	11500000	-2.072771	0.997672	-2.156558
23	11500000	12000000	-2.127303	1.002321	-1.979205
24	12000000	12500000	-2.193501	1.171789	-1.764753
25	12500000	13000000	-2.181526	1.472276	-1.513069
26	13000000	13500000	-2.181168	1.815476	-1.148219
27	13500000	14000000	-2.366352	2.170752	-0.567515
28	14000000	14500000	-2.775622	2.233565	-0.075366
29	14500000	15000000	-3.156084	2.051589	0.318548
30	15000000	15500000	-3.538694	1.663960	0.667753
31	15500000	16000000	-3.903738	1.106239	1.052298
32	16000000	16500000	-4.229953	0.586979	1.605926
33	16500000	17000000	-4.534018	0.139939	2.122448
34	17000000	17500000	-4.433684	-0.053823	2.501280
35	17500000	18000000	-3.991409	0.133834	2.892230
36	18000000	18500000	-3.350770	0.676712	3.318611
37	18500000	19000000	-2.738519	1.484211	3.649404
38	19000000	19500000	-2.365864	2.283594	3.614060
39	19500000	20000000	-1.944231	2.728469	3.175458
40	20000000	20500000	-1.672716	2.818217	2.576213
41	20500000	21000000	-1.391976	2.786854	1.969337
42	21000000	21500000	-1.236126	2.487953	1.277653
43	21500000	22000000	-1.440935	1.949974	0.553476
44	22000000	22500000	-1.590634	1.341312	-0.128002
45	22500000	23000000	-1.468931	0.826577	-0.483028
46	23000000	23500000	-1.312728	0.593790	-0.541807
47	23500000	24000000	-1.054056	0.692998	-0.420157
48	24000000	24500000	-0.906930	0.655074	-0.418564
49	24500000	25000000	-1.044034	0.608986	-0.394612
50	25000000	25500000	-0.704544	0.827565	-0.212985
51	25500000	26000000	-0.297982	1.104059	0.016838
52	26000000	26500000	0.072597	1.318851	0.191624
53	26500000	27000000	0.320608	1.540383	0.300820
54	27000000	27500000	0.553025	1.634558	0.436293
55	27500000	28000000	0.818721	1.796636	0.622917
56	28000000	28500000	1.314953	2.048606	0.790103
57	28500000	29000000	1.536579	2.042827	0.842149
58	29000000	29500000	1.628269	1.971983	0.816319
59	29500000	30000000	1.610502	1.874472	0.694132
60	30000000	30500000	1.501119	1.624540	0.359731
61	30500000	31000000	1.448128	1.417557	0.011139
62	31000000	31500000	1.520083	1.366916	-0.275933
63	31500000	32000000	1.586481	1.288119	-0.466105
64	32000000	32500000	1.640426	1.307679	-0.694547
65	32500000	33000000	1.792884	1.326432	-0.886928
66	33000000	33500000	1.915379	1.267044	-1.011229
67	33500000	34000000	1.930370	1.180639	-1.042303
68	34000000	34500000	1.955449	1.067930	-1.245340
69	34500000	35000000	1.757650	0.765363	-1.462101
70	35000000	35500000	1.589818	0.541027	-1.549914
71	35500000	36000000	1.494612	0.362341	-1.472370
72	36000000	36500000	1.523810	0.207907	-1.360545
73	36500000	37000000	1.569942	0.184618	-1.182975
74	37000000	37500000	1.790716	0.234976	-1.113277
75	37500000	38000000	2.033374	0.360945	-0.682727
76	38000000	38500000	2.349024	0.457244	-0.291723
77	38500000	39000000	2.643939	0.500450	-0.115097
78	39000000	39500000	2.931832	0.508692	-0.067902
79	39500000	40000000	2.843450	0.474151	-0.026384
80	40000000	40500000	2.780595	0.362630	-0.136005
81	40500000	41000000	2.688584	0.239317	-0.101470
82	41000000	41500000	2.603962	-0.018235	-0.350798
83	41500000	42000000	2.538798	-0.213934	-0.524716
84	42000000	42500000	2.499689	-0.398863	-0.744208
85	42500000	43000000	2.354053	-0.617869	-1.010591
86	43000000	43500000	2.202981	-0.791118	-1.256589
87	43500000	44000000	2.058609	-0.928179	-1.348074
88	44000000	44500000	1.881829	-1.014136	-1.431321
89	44500000	45000000	1.440569	-1.156048	-1.670679
90	45000000	45500000	0.962362	-1.214627	-1.924285
91	45500000	46000000	0.518613	-1.242990	-2.025622
92	46000000	46500000	0.069769	-1.299483	-2.080318
93	46500000	47000000	-0.237458	-1.363640	-2.094906
94	47000000	47500000	-0.615237	-1.466132	-2.186036
95	47500000	48000000	-0.995912	-1.588092	-2.262661
96	48000000	48500000	-1.049366	-1.598137	-2.083568
97	48500000	49000000	-1.179676	-1.787645	-2.047587
98	49000000	49500000	-1.217906	-1.884732	-1.993809
99	49500000	50000000	-1.068642	-1.963269	-1.882653
100	50000000	50500000	-0.860524	-2.195872	-1.826863
101	50500000	51000000	-0.483969	-2.190629	-1.694593
102	51000000	51500000	0.062180	-2.191241	-1.436521
103	51500000	52000000	0.476550	-2.226742	-1.298007
104	52000000	52500000	0.970718	-2.254860	-0.961703
105	52500000	53000000	1.022637	-2.427740	-0.763662
106	53000000	53500000	1.121320	-2.529973	-0.614469
107	53500000	54000000	1.156481	-2.377275	-0.484324
108	54000000	54500000	1.222976	-2.475649	-0.384347
109	54500000	55000000	1.133048	-2.509818	-0.311658
110	55000000	55500000	0.816667	-2.578389	-0.315643
111	55500000	56000000	0.455455	-2.536371	-0.398084
112	56000000	56500000	0.357953	-2.428045	-0.437932
113	56500000	57000000	0.108962	-2.285116	-0.446625
114	57000000	57500000	-0.218570	-2.315657	-0.452707
115	57500000	58000000	-0.441504	-2.173643	-0.456807
116	58000000	58500000	-0.585842	-2.140908	-0.423187
117	58500000	59000000	-0.494819	-2.221430	-0.260108
118	59000000	59500000	-0.279836	-2.206119	-0.102892
119	59500000	60000000	0.068676	-2.117349	0.080017
120	60000000	60500000	0.276277	-2.090856	0.251337
121	60500000	61000000	0.455655	-2.033788	0.411246
122	61000000	61500000	0.310324	-2.223533	0.536660
123	61500000	62000000	0.199845	-2.228001	0.555194
124	62000000	62500000	0.127085	-2.232467	0.639852
125	62500000	63000000	0.292189	-2.075699	0.741042
126	63000000	63500000	0.444271	-1.973192	0.870362
127	63500000	64000000	0.700623	-1.890620	1.030019
128	64000000	64500000	1.051181	-1.727038	1.214859
129	64500000	65000000	1.535611	-1.462278	1.347536
130	65000000	65500000	1.919617	-1.458327	1.587303
131	65500000	66000000	2.147384	-1.252983	1.686260
132	66000000	66500000	2.064590	-1.307904	1.803066
133	66500000	67000000	1.880577	-1.397351	1.857739
134	67000000	67500000	1.666293	-1.499592	1.956110
135	67500000	68000000	1.478607	-1.635279	2.136964
136	68000000	68500000	1.282594	-1.711573	2.205103
137	68500000	69000000	1.034073	-1.652168	2.188942
138	69000000	69500000	1.009820	-1.490202	2.282723
139	69500000	70000000	0.962292	-1.323196	2.342560
140	70000000	70500000	0.945748	-1.086420	2.518819
141	70500000	71000000	0.955249	-0.871076	2.567021
142	71000000	71500000	0.928878	-0.713110	2.618194
143	71500000	72000000	0.933067	-0.450035	2.760368
144	72000000	72500000	1.012454	-0.292891	2.830385
145	72500000	73000000	0.818852	-0.336039	2.622412
146	73000000	73500000	0.482752	-0.433544	2.428058
147	73500000	74000000	0.181114	-0.625241	2.212620
148	74000000	74500000	-0.006808	-0.671061	2.156594
149	74500000	75000000	-0.180039	-0.640642	1.989217
150	75000000	75500000	-0.402795	-0.772282	1.784381
151	75500000	76000000	-0.632397	-0.828712	1.695182
152	76000000	76500000	-0.679867	-0.695336	1.979948
153	76500000	77000000	-0.502185	-0.437541	2.216418
154	77000000	77500000	-0.510099	-0.329637	2.449917
155	77500000	78000000	-0.718550	-0.323227	2.332571
156	78000000	78500000	-1.024652	-0.431324	2.224423
157	78500000	79000000	-1.265871	-0.441144	2.239390
158	79000000	79500000	-1.339935	-0.366334	2.312356
159	79500000	80000000	-1.541346	-0.497286	2.152717
160	80000000	80500000	-1.959476	-0.796615	1.966271
