# Chromosome: chr7, Resolution: 500000bp
# Generated: 2026-09-14 16:57:12
bin	start	end	x	y	z
0	0	500000	0.184835	4.201059	-1.157841
1	500000	1000000	-0.177517	4.123256	-1.102373
2	1000000	1500000	-0.256475	3.975168	-1.177259
3	1500000	2000000	-0.131524	3.782593	-1.334076
4	2000000	2500000	-0.098273	3.465304	-1.519099
5	2500000	3000000	0.148248	3.272887	-1.664375
6	3000000	3500000	0.272379	3.106487	-1.808261
7	3500000	4000000	0.237951	3.004730	-1.882129
8	4000000	4500000	0.217817	2.978863	-1.981738
9	4500000	5000000	0.010679	2.927580	-1.946428
10	5000000	5500000	-0.322363	2.994019	-1.900700
11	5500000	6000000	-0.736048	2.979898	-1.916639
12	6000000	6500000	-1.255922	2.914545	-1.903501
13	6500000	7000000	-1.469849	2.544797	-2.090195
14	7000000	7500000	-1.373109	1.949847	-2.427534
15	7500000	8000000	-0.969559	1.278999	-2.768491
16	8000000	8500000	-0.556003	0.743082	-3.188471
17	8500000	9000000	-0.227791	0.219129	-3.539797
18	9000000	9500000	-0.178459	-0.165001	-3.716633
19	9500000	10000000	-0.126211	-0.548418	-3.916912
20	10000000	10500000	0.012686	-0.772155	-3.972181
21	10500000	11000000	-0.061851	-0.822111	-3.932063
22	11000000	11500000	-0.325331	-0.820530	-3.862314
23	11500000	12000000	-0.419367	-0.909039	-3.778892
24	12000000	12500000	-0.369837	-0.917004	-3.697379
25	12500000	13000000	-0.215373	-1.015182	-3.689328
26	13000000	13500000	-0.053346	-1.123549	-3.694690
27	13500000	14000000	0.020218	-1.175331	-3.666051
28	14000000	14500000	0.202611	-1.237675	-3.671964
29	14500000	15000000	0.333329	-1.280835	-3.702917
30	15000000	15500000	0.249788	-1.173172	-3.697551
31	15500000	16000000	-0.120800	-1.107238	-3.530015
32	16000000	16500000	-0.379419	-1.070582	-3.404377
33	16500000	17000000	-0.505300	-1.063612	-3.393600
34	17000000	17500000	-0.701571	-1.042893	-3.355155
35	17500000	18000000	-0.890868	-1.048886	-3.348034
36	18000000	18500000	-1.094771	-1.036489	-3.300818
37	18500000	19000000	-1.325256	-1.002806	-3.153672
38	19000000	19500000	-1.256602	-1.121427	-3.247768
39	19500000	20000000	-1.349295	-1.056677	-3.247717
40	20000000	20500000	-1.464936	-0.918546	-3.159912
41	20500000	21000000	-1.640840	-0.711469	-3.068682
42	21000000	21500000	-1.879124	-0.382278	-2.935874
43	21500000	22000000	-2.109898	-0.008032	-2.710418
44	22000000	22500000	-2.158485	0.226554	-2.676977
45	22500000	23000000	-2.295924	0.510556	-2.598879
46	23000000	23500000	-2.402151	0.742551	-2.476763
47	23500000	24000000	-2.416869	0.995080	-2.446104
48	24000000	24500000	-2.406049	1.177761	-2.433935
49	24500000	25000000	-2.420656	1.377293	-2.320017
50	25000000	25500000	-2.248379	1.424656	-2.487836
51	25500000	26000000	-2.144893	1.441318	-2.576094
52	26000000	26500000	-2.196019	1.396684	-2.530502
53	26500000	27000000	-2.115054	1.318670	-2.589717
54	27000000	27500000	-2.133574	1.182292	-2.543547
55	27500000	28000000	-2.015875	1.083098	-2.614877
56	28000000	28500000	-1.883739	0.897631	-2.748703
57	28500000	29000000	-1.921227	0.897711	-2.561963
58	29000000	29500000	-1.846818	0.970707	-2.463663
59	29500000	30000000	-1.526618	0.947485	-2.532517
60	30000000	30500000	-1.234289	0.988803	-2.629906
61	30500000	31000000	-0.971326	0.942080	-2.712288
62	31000000	31500000	-0.959467	1.067114	-2.684503
63	31500000	32000000	-0.774414	1.016488	-2.647145
64	32000000	32500000	-0.459758	0.797146	-2.879766
65	32500000	33000000	-0.159850	0.561064	-2.988368
66	33000000	33500000	-0.068050	0.525037	-3.005907
67	33500000	34000000	-0.048240	0.435566	-3.015717
68	34000000	34500000	-0.281037	0.542930	-2.887325
69	34500000	35000000	-0.298429	0.520908	-2.808774
70	35000000	35500000	-0.440541	0.561515	-2.760059
71	35500000	36000000	-0.734900	0.688448	-2.571995
72	36000000	36500000	-1.133040	0.836832	-2.395511
73	36500000	37000000	-1.348477	0.949471	-2.272601
74	37000000	37500000	-1.448387	1.007719	-2.169079
75	37500000	38000000	-1.202184	1.050291	-2.248901
76	38000000	38500000	-1.127506	1.069349	-2.193724
77	38500000	39000000	-0.947238	1.079073	-2.256670
78	39000000	39500000	-0.587661	1.028926	-2.405393
79	39500000	40000000	-0.187831	1.050179	-2.553652
80	40000000	40500000	0.069456	1.096224	-2.640578
81	40500000	41000000	0.297882	1.145812	-2.692238
82	41000000	41500000	0.431731	1.161228	-2.690927
83	41500000	42000000	0.495358	1.217056	-2.720193
84	42000000	42500000	0.334349	1.468598	-2.569089
85	42500000	43000000	0.032049	1.807688	-2.307052
86	43000000	43500000	-0.304056	2.046289	-2.043370
87	43500000	44000000	-0.430337	2.180100	-1.909925
88	44000000	44500000	-0.469199	2.330618	-1.821052
89	44500000	45000000	-0.422980	2.301791	-1.794110
90	45000000	45500000	-0.175139	2.125109	-1.843467
91	45500000	46000000	0.067783	1.957596	-1.934418
92	46000000	46500000	0.264942	1.734872	-2.064337
93	46500000	47000000	0.553419	1.384202	-2.258452
94	47000000	47500000	0.822826	0.945116	-2.402625
95	47500000	48000000	0.945416	0.507852	-2.483112
96	48000000	48500000	0.968137	0.268255	-2.529077
97	48500000	49000000	0.802538	0.245931	-2.455955
98	49000000	49500000	0.911111	0.032246	-2.458863
99	49500000	50000000	1.136003	-0.173104	-2.510304
100	50000000	50500000	1.389669	-0.260745	-2.549981
101	50500000	51000000	1.487342	-0.172339	-2.536363
102	51000000	51500000	1.609068	-0.078230	-2.493028
103	51500000	52000000	1.779798	-0.042150	-2.478897
104	52000000	52500000	2.115839	-0.194599	-2.537712
105	52500000	53000000	2.266327	-0.253433	-2.555399
106	53000000	53500000	2.282963	-0.234328	-2.500574
107	53500000	54000000	2.110922	-0.072314	-2.367484
108	54000000	54500000	1.972368	0.154260	-2.178801
109	54500000	55000000	1.984941	0.432612	-2.050946
110	55000000	55500000	2.198139	0.696368	-1.986978
111	55500000	56000000	2.332897	0.989413	-1.903247
112	56000000	56500000	2.567769	1.197982	-1.868044
113	56500000	57000000	3.153319	1.274455	-1.836252
114	57000000	57500000	3.939717	0.866241	-1.603708
115	57500000	58000000	4.634577	0.233744	-1.473966
116	58000000	58500000	5.172617	-0.460294	-1.347400
117	58500000	59000000	5.272039	0.035782	-0.817895
118	59000000	59500000	5.524973	0.283124	-0.637238
119	59500000	60000000	5.684958	0.514931	-0.499058
120	60000000	60500000	5.675823	0.649284	-0.419652
121	60500000	61000000	5.440873	1.106753	-0.636252
122	61000000	61500000	5.227748	1.773784	-0.591173
123	61500000	62000000	4.988269	2.306014	-0.626835
124	62000000	62500000	5.025203	1.740621	-0.910353
125	62500000	63000000	4.739502	1.320939	-0.942000
126	63000000	63500000	4.339357	1.164077	-0.824826
127	63500000	64000000	3.810867	1.166408	-0.659390
128	64000000	64500000	3.182498	1.384310	-0.383642
129	64500000	65000000	2.487162	1.396649	-0.311372
130	65000000	65500000	1.776482	1.625441	-0.109539
131	65500000	66000000	1.304996	1.822515	-0.034826
132	66000000	66500000	1.252518	1.930682	0.008202
133	66500000	67000000	1.362168	1.811098	0.018395
134	67000000	67500000	1.487683	1.661961	-0.035558
135	67500000	68000000	1.733736	1.332481	-0.126776
136	68000000	68500000	1.877516	1.331182	-0.183753
137	68500000	69000000	2.086732	1.183417	-0.256628
138	69000000	69500000	2.055650	0.994078	-0.272868
139	69500000	70000000	2.043294	0.939467	-0.264026
140	70000000	70500000	1.998950	0.956046	-0.243413
141	70500000	71000000	1.901442	1.019944	-0.203499
142	71000000	71500000	1.691389	1.317265	-0.089306
143	71500000	72000000	1.442202	1.656505	0.093105
144	72000000	72500000	1.168084	1.906562	0.244974
145	72500000	73000000	0.712546	2.199682	0.348737
146	73000000	73500000	-0.011428	2.684674	0.612827
147	73500000	74000000	-0.678185	3.307737	0.902528
148	74000000	74500000	-1.244698	3.531683	1.067149
149	74500000	75000000	-1.710402	3.423097	1.114644
150	75000000	75500000	-2.309920	2.968425	1.079442
151	75500000	76000000	-2.561776	2.612892	1.000042
152	76000000	76500000	-2.513238	2.196732	0.950177
153	76500000	77000000	-2.152462	1.420150	0.692399
154	77000000	77500000	-1.679327	0.379832	0.373578
155	77500000	78000000	-1.219991	-0.305112	0.190789
156	78000000	78500000	-0.689936	-0.934284	0.008367
157	78500000	79000000	0.179976	-1.407775	-0.181374
158	79000000	79500000	0.736470	-1.833152	-0.267286
159	79500000	80000000	1.150765	-2.242585	-0.378372
160	80000000	80500000	0.918899	-2.300428	-0.351368
161	80500000	81000000	0.752530	-2.338191	-0.326048
162	81000000	81500000	0.618284	-2.388107	-0.324655
163	81500000	82000000	0.515855	-2.446528	-0.299428
164	82000000	82500000	0.382824	-2.498961	-0.242214
165	82500000	83000000	0.315663	-2.604082	-0.217606
166	83000000	83500000	0.197667	-2.700258	-0.205068
167	83500000	84000000	0.391256	-2.888857	-0.193818
168	84000000	84500000	0.375265	-3.017794	-0.218574
169	84500000	85000000	0.362202	-3.128226	-0.211302
170	85000000	85500000	0.210903	-3.121937	-0.197554
171	85500000	86000000	-0.095126	-2.988226	-0.166467
172	86000000	86500000	-0.442683	-2.780091	-0.139327
173	86500000	87000000	-0.712583	-2.596008	-0.048731
174	87000000	87500000	-0.764074	-2.627797	-0.034900
175	87500000	88000000	-0.806452	-2.668252	-0.005549
176	88000000	88500000	-0.866470	-2.724350	0.037659
177	88500000	89000000	-1.033910	-2.715405	0.111670
178	89000000	89500000	-1.015336	-2.676599	0.137771
179	89500000	90000000	-0.894621	-2.802572	0.137846
180	90000000	90500000	-0.874809	-2.854314	0.116396
181	90500000	91000000	-1.158247	-2.508573	0.214602
182	91000000	91500000	-1.426014	-2.130401	0.312213
183	91500000	92000000	-1.672491	-1.900136	0.364128
184	92000000	92500000	-1.624051	-1.935987	0.345258
185	92500000	93000000	-1.600049	-2.072638	0.370718
186	93000000	93500000	-1.594870	-2.030946	0.408292
187	93500000	94000000	-1.582674	-2.053852	0.429505
188	94000000	94500000	-1.425847	-2.243288	0.396839
189	94500000	95000000	-1.297999	-2.307318	0.396658
190	95000000	95500000	-1.012434	-2.236878	0.428950
191	95500000	96000000	-0.874963	-1.999370	0.455540
192	96000000	96500000	-0.507497	-1.817826	0.499034
193	96500000	97000000	-0.620142	-1.369070	0.607872
194	97000000	97500000	-0.700147	-0.827057	0.761817
195	97500000	98000000	-0.879830	-0.315275	0.888425
196	98000000	98500000	-1.050736	0.110576	0.997647
197	98500000	99000000	-1.515327	0.628365	1.112241
198	99000000	99500000	-1.860910	1.117126	1.302782
199	99500000	100000000	-2.377890	1.580139	1.441229
200	100000000	100500000	-2.601383	1.691647	1.499263
201	100500000	101000000	-2.835616	1.685342	1.545193
202	101000000	101500000	-3.015345	1.427539	1.584753
203	101500000	102000000	-3.135273	1.069194	1.593494
204	102000000	102500000	-3.032083	0.549016	1.546168
205	102500000	103000000	-2.943187	0.093745	1.472944
206	103000000	103500000	-2.864794	-0.334893	1.394890
207	103500000	104000000	-2.817374	-0.518867	1.390467
208	104000000	104500000	-2.706266	-0.650657	1.390161
209	104500000	105000000	-2.592078	-0.601317	1.398527
210	105000000	105500000	-2.514491	-0.534162	1.451272
211	105500000	106000000	-2.493689	-0.388265	1.523492
212	106000000	106500000	-2.475846	-0.273616	1.583892
213	106500000	107000000	-2.395657	-0.293461	1.637437
214	107000000	107500000	-1.947834	-0.633790	1.646525
215	107500000	108000000	-1.370600	-1.088920	1.611528
216	108000000	108500000	-0.794096	-1.523024	1.585738
217	108500000	109000000	-0.257193	-1.914152	1.560891
218	109000000	109500000	0.130615	-2.195135	1.574330
219	109500000	110000000	0.303401	-2.418391	1.615268
220	110000000	110500000	0.505511	-2.626327	1.626626
221	110500000	111000000	0.383523	-2.571335	1.693756
222	111000000	111500000	0.068731	-2.508731	1.834413
223	111500000	112000000	-0.058871	-2.491098	1.906617
224	112000000	112500000	-0.182256	-2.496646	1.933014
225	112500000	113000000	-0.363386	-2.605386	1.951804
226	113000000	113500000	-0.441173	-2.618742	1.948645
227	113500000	114000000	-0.513032	-2.671545	1.961557
228	114000000	114500000	-0.452899	-2.874059	1.947484
229	114500000	115000000	-0.551823	-2.845814	1.933845
230	115000000	115500000	-0.773163	-2.607416	1.961094
231	115500000	116000000	-0.986636	-2.320386	2.008084
232	116000000	116500000	-0.959473	-2.162300	2.024261
233	116500000	117000000	-0.829581	-2.279463	2.056248
234	117000000	117500000	-0.635771	-2.348001	2.036207
235	117500000	118000000	-0.588106	-2.362549	1.991639
236	118000000	118500000	-0.411785	-2.538247	1.892785
237	118500000	119000000	-0.431939	-2.657207	1.848759
238	119000000	119500000	-0.422318	-2.732923	1.814292
239	119500000	120000000	-0.524406	-2.680810	1.856587
240	120000000	120500000	-0.411217	-2.632420	1.873122
241	120500000	121000000	-0.438396	-2.514993	1.987543
242	121000000	121500000	-0.417058	-2.319390	2.125797
243	121500000	122000000	-0.258681	-2.165927	2.232141
244	122000000	122500000	-0.029445	-2.090141	2.333381
245	122500000	123000000	0.233197	-2.184909	2.480758
246	123000000	123500000	0.486145	-2.211049	2.570244
247	123500000	124000000	0.604768	-2.243699	2.596708
248	124000000	124500000	0.674746	-2.210994	2.669123
249	124500000	125000000	0.560073	-2.143817	2.798096
250	125000000	125500000	0.328675	-2.001203	2.910225
251	125500000	126000000	0.292297	-1.960275	2.944472
252	126000000	126500000	-0.054284	-1.676246	2.870938
253	126500000	127000000	-0.347360	-1.347819	2.811020
254	127000000	127500000	-0.840517	-0.740463	2.917302
255	127500000	128000000	-1.315992	-0.179214	2.881352
256	128000000	128500000	-1.571868	0.232132	2.775261
257	128500000	129000000	-1.834831	0.552393	2.748344
258	129000000	129500000	-2.136474	0.848192	2.749444
259	129500000	130000000	-2.210527	1.024174	2.805940
260	130000000	130500000	-2.106205	1.040577	2.875477
261	130500000	131000000	-1.839721	0.846813	2.835555
262	131000000	131500000	-1.653755	0.636839	2.881260
263	131500000	132000000	-1.557193	0.433615	2.903081
264	132000000	132500000	-1.409922	0.276451	2.893817
265	132500000	133000000	-1.229498	0.156665	2.878435
266	133000000	133500000	-1.052406	0.049294	2.903834
267	133500000	134000000	-1.173136	0.024806	2.895244
268	134000000	134500000	-1.248672	-0.059160	2.918103
269	134500000	135000000	-1.001513	-0.209368	2.883213
270	135000000	135500000	-0.535286	-0.468282	2.789576
271	135500000	136000000	-0.156260	-0.631457	2.778308
272	136000000	136500000	-0.042234	-0.690189	2.776041
273	136500000	137000000	0.069517	-0.734765	2.832864
274	137000000	137500000	0.245459	-0.747512	2.879922
275	137500000	138000000	0.162447	-0.564775	2.873238
276	138000000	138500000	-0.122363	-0.327241	2.875173
277	138500000	139000000	-0.503512	0.072061	2.964736
278	139000000	139500000	-0.776717	0.382781	2.939527
279	139500000	140000000	-0.727977	0.498964	2.974563
280	140000000	140500000	-0.670342	0.531193	2.977351
281	140500000	141000000	-0.170035	0.766646	3.207008
282	141000000	141500000	0.525181	1.358637	3.226699
283	141500000	142000000	0.818337	1.266161	3.264740
284	142000000	142500000	1.107985	0.999294	3.499846
285	142500000	143000000	1.384509	0.796003	3.663672
286	143000000	143500000	1.528188	0.624511	3.667711
287	143500000	144000000	1.801597	0.345605	3.566151
288	144000000	144500000	1.685077	-0.157358	3.301814
289	144500000	145000000	1.535928	-1.100497	3.268763
290	145000000	145500000	1.804286	-1.310033	3.259947
291	145500000	146000000	2.035788	-1.406096	2.974933
292	146000000	146500000	2.186129	-1.483821	2.834761
293	146500000	147000000	2.331168	-1.502155	2.974774
294	147000000	147500000	2.039546	-1.133510	3.016393
295	147500000	148000000	1.645098	-0.709124	3.030387
296	148000000	148500000	1.262264	-0.250648	3.059411
297	148500000	149000000	0.820378	0.282705	3.096397
298	149000000	149500000	0.402124	0.788693	3.156597
299	149500000	150000000	-0.034261	1.261214	3.180910
300	150000000	150500000	-0.338187	1.659790	3.018563
301	150500000	151000000	-0.336405	1.782741	3.016736
302	151000000	151500000	-0.125137	1.740499	2.983466
303	151500000	152000000	0.287354	1.503199	2.908951
304	152000000	152500000	0.805537	1.115525	2.828415
305	152500000	153000000	1.286217	0.826441	2.759459
306	153000000	153500000	1.699868	0.582555	2.684639
307	153500000	154000000	1.874774	0.513948	2.711987
308	154000000	154500000	1.977937	0.536643	2.719589
309	154500000	155000000	2.068884	0.531090	2.688645
310	155000000	155500000	1.791655	0.767599	2.682606
311	155500000	156000000	1.497236	1.053358	2.631044
312	156000000	156500000	1.530866	1.267115	2.656454
313	156500000	157000000	1.761184	1.458454	2.697994
314	157000000	157500000	1.772206	1.484656	2.587190
315	157500000	158000000	2.103842	1.407291	2.542479
316	158000000	158500000	2.177709	1.485934	2.534994
317	158500000	159000000	2.487906	1.457540	2.532035
318	159000000	159500000	2.854956	1.418225	2.576919
