# Chromosome: chr17, Resolution: 500000bp
# Generated: 2026-08-12 15:27:43
bin	start	end	x	y	z
0	0	500000	-2.062012	2.298550	1.466422
1	500000	1000000	-2.117053	2.013699	1.457782
2	1000000	1500000	-2.119652	1.942104	1.377989
3	1500000	2000000	-2.079914	2.019977	1.151917
4	2000000	2500000	-2.220280	1.729432	1.082512
5	2500000	3000000	-2.422971	1.600587	1.163926
6	3000000	3500000	-2.481941	1.509905	1.019593
7	3500000	4000000	-2.477402	1.616323	0.823421
8	4000000	4500000	-2.320858	1.679826	0.556247
9	4500000	5000000	-2.233842	1.722490	0.337508
10	5000000	5500000	-2.246042	1.535090	0.392267
11	5500000	6000000	-2.279801	1.493489	0.305498
12	6000000	6500000	-2.222328	1.473279	0.196462
13	6500000	7000000	-2.166842	1.411398	0.014512
14	7000000	7500000	-2.073841	1.238270	-0.167899
15	7500000	8000000	-2.072856	1.175849	-0.288907
16	8000000	8500000	-1.994021	1.168406	-0.457190
17	8500000	9000000	-1.833800	1.279364	-0.698873
18	9000000	9500000	-1.433627	1.456930	-0.986367
19	9500000	10000000	-0.977777	1.680437	-1.384061
20	10000000	10500000	-0.583597	1.820063	-1.680343
21	10500000	11000000	-0.319807	1.819437	-1.909804
22	11000000	11500000	-0.160634	1.893400	-2.070852
23	11500000	12000000	0.070091	1.855133	-2.184886
24	12000000	12500000	0.257914	1.812650	-2.361893
25	12500000	13000000	0.249398	1.686563	-2.411592
26	13000000	13500000	0.259295	1.558440	-2.436635
27	13500000	14000000	0.236072	1.507281	-2.491586
28	14000000	14500000	0.179303	1.417487	-2.655698
29	14500000	15000000	0.053589	1.176071	-2.747786
30	15000000	15500000	-0.266473	0.948773	-2.780924
31	15500000	16000000	-0.612779	0.741599	-2.656591
32	16000000	16500000	-0.949633	0.619196	-2.546831
33	16500000	17000000	-1.458850	0.528859	-2.378636
34	17000000	17500000	-1.926331	0.426918	-2.276223
35	17500000	18000000	-2.264575	0.487622	-2.101586
36	18000000	18500000	-2.408725	0.660244	-2.000121
37	18500000	19000000	-2.409116	0.813912	-2.061974
38	19000000	19500000	-2.271778	0.924098	-2.228368
39	19500000	20000000	-2.000955	0.970710	-2.392942
40	20000000	20500000	-1.354363	1.185815	-2.540653
41	20500000	21000000	-0.702571	1.435384	-2.564983
42	21000000	21500000	-0.052777	1.728993	-2.460825
43	21500000	22000000	0.643219	2.027987	-2.042983
44	22000000	22500000	1.270292	2.277261	-1.383293
45	22500000	23000000	1.730800	2.538246	-0.647917
46	23000000	23500000	2.019185	2.796608	0.096272
47	23500000	24000000	1.929016	2.897085	0.779999
48	24000000	24500000	1.706863	3.112444	1.151655
49	24500000	25000000	1.463078	3.307260	1.364069
50	25000000	25500000	1.154753	3.404947	1.115763
51	25500000	26000000	0.755617	3.018010	0.622611
52	26000000	26500000	0.305337	2.567860	-0.006809
53	26500000	27000000	-0.162642	2.027170	-0.552602
54	27000000	27500000	-0.667210	1.445534	-0.861476
55	27500000	28000000	-1.032616	0.691003	-0.960473
56	28000000	28500000	-1.494638	-0.114761	-0.952348
57	28500000	29000000	-2.037320	-0.931691	-0.828361
58	29000000	29500000	-2.466779	-1.247547	-0.665335
59	29500000	30000000	-2.738439	-1.430450	-0.479226
60	30000000	30500000	-2.763094	-1.531486	-0.363625
61	30500000	31000000	-2.648774	-1.711602	-0.511340
62	31000000	31500000	-2.504898	-1.748132	-0.650037
63	31500000	32000000	-2.148542	-1.740413	-0.912105
64	32000000	32500000	-1.811009	-1.588051	-1.112595
65	32500000	33000000	-1.545337	-1.468982	-1.251062
66	33000000	33500000	-1.302620	-1.454827	-1.333398
67	33500000	34000000	-1.224200	-1.480747	-1.439680
68	34000000	34500000	-1.096159	-0.872787	-1.089374
69	34500000	35000000	-0.943322	-0.177926	-0.611257
70	35000000	35500000	-0.844884	0.551913	-0.081548
71	35500000	36000000	-0.617858	1.234595	0.344944
72	36000000	36500000	-0.239743	1.954717	0.728358
73	36500000	37000000	0.164500	2.695840	1.049347
74	37000000	37500000	-0.041729	2.890247	1.557325
75	37500000	38000000	-0.180324	2.407328	1.465709
76	38000000	38500000	-0.401164	1.693717	1.324163
77	38500000	39000000	-0.739392	0.976521	1.215471
78	39000000	39500000	-1.072560	-0.018551	0.908916
79	39500000	40000000	-1.431213	-0.940819	0.468267
80	40000000	40500000	-1.942570	-1.806359	0.411782
81	40500000	41000000	-1.831142	-2.044320	0.297284
82	41000000	41500000	-1.838349	-2.165737	0.318809
83	41500000	42000000	-1.714849	-2.129077	0.311934
84	42000000	42500000	-1.606733	-2.303455	0.273446
85	42500000	43000000	-1.634039	-2.136950	0.635738
86	43000000	43500000	-1.694260	-2.010223	1.290839
87	43500000	44000000	-1.615018	-1.929836	1.581650
88	44000000	44500000	-0.950647	-1.412330	1.784958
89	44500000	45000000	-0.280204	-0.918515	2.036134
90	45000000	45500000	-0.006409	-1.103438	2.304604
91	45500000	46000000	0.100708	-1.079846	2.386880
92	46000000	46500000	0.280216	-1.139579	2.341960
93	46500000	47000000	0.483616	-1.238159	2.186654
94	47000000	47500000	0.636693	-1.363734	2.034016
95	47500000	48000000	0.234213	-1.990588	1.717968
96	48000000	48500000	-0.202776	-2.572897	1.381846
97	48500000	49000000	-0.338373	-2.595807	0.970518
98	49000000	49500000	-0.183628	-2.572326	0.755581
99	49500000	50000000	-0.043927	-2.409230	0.392437
100	50000000	50500000	0.176686	-2.122271	-0.094054
101	50500000	51000000	0.542590	-1.762942	-0.627958
102	51000000	51500000	0.853017	-1.324989	-1.056632
103	51500000	52000000	1.229919	-0.936281	-1.560488
104	52000000	52500000	1.564017	-0.485438	-1.956244
105	52500000	53000000	1.893284	-0.101266	-2.274017
106	53000000	53500000	2.050806	0.041496	-2.362425
107	53500000	54000000	2.032508	-0.055202	-2.329072
108	54000000	54500000	1.909689	-0.195287	-2.294621
109	54500000	55000000	1.858852	-0.409335	-2.336027
110	55000000	55500000	1.674338	-0.651159	-2.116184
111	55500000	56000000	1.485716	-0.958658	-1.897412
112	56000000	56500000	1.277767	-1.365963	-1.709839
113	56500000	57000000	1.146753	-1.707248	-1.515106
114	57000000	57500000	1.028962	-1.912205	-1.296149
115	57500000	58000000	0.914049	-2.138355	-0.958708
116	58000000	58500000	0.855356	-2.324764	-0.559990
117	58500000	59000000	0.928747	-2.560462	-0.410833
118	59000000	59500000	1.128014	-2.721792	-0.334528
119	59500000	60000000	1.265378	-2.701164	-0.323775
120	60000000	60500000	1.418531	-2.614260	-0.298405
121	60500000	61000000	1.744238	-2.481741	-0.295928
122	61000000	61500000	2.004498	-2.328240	-0.430382
123	61500000	62000000	2.231041	-2.203744	-0.605355
124	62000000	62500000	2.189861	-2.013041	-0.437584
125	62500000	63000000	2.156826	-1.877523	-0.165995
126	63000000	63500000	2.219524	-1.767045	0.261974
127	63500000	64000000	2.258242	-1.646375	0.341644
128	64000000	64500000	2.109131	-1.543323	0.354121
129	64500000	65000000	2.200952	-1.376194	0.551630
130	65000000	65500000	2.145018	-1.284726	0.717123
131	65500000	66000000	2.329427	-1.186466	0.730708
132	66000000	66500000	2.401306	-1.129491	0.698917
133	66500000	67000000	2.394776	-1.016818	0.555243
134	67000000	67500000	2.501254	-0.899955	0.512473
135	67500000	68000000	2.619633	-0.795241	0.578332
136	68000000	68500000	2.517237	-0.676369	0.377921
137	68500000	69000000	2.658352	-0.431471	0.321734
138	69000000	69500000	2.732836	-0.174320	0.066998
139	69500000	70000000	2.848933	0.141937	-0.162163
140	70000000	70500000	2.947623	0.374126	-0.352167
141	70500000	71000000	2.881713	0.437961	-0.397041
142	71000000	71500000	2.864062	0.529930	-0.410637
143	71500000	72000000	2.815848	0.497378	-0.196373
144	72000000	72500000	2.555696	0.395908	-0.170337
145	72500000	73000000	2.283829	0.282375	-0.002539
146	73000000	73500000	2.011852	0.151615	0.383413
147	73500000	74000000	1.703049	-0.149012	0.805998
148	74000000	74500000	1.407877	-0.325336	1.266767
149	74500000	75000000	1.008880	-0.512752	1.681981
150	75000000	75500000	0.705756	-0.639673	1.929464
151	75500000	76000000	0.453260	-0.699138	2.303755
152	76000000	76500000	0.320451	-0.700070	2.682887
153	76500000	77000000	0.081612	-0.670600	2.717131
154	77000000	77500000	0.010082	-0.576936	2.687362
155	77500000	78000000	0.085831	-0.400083	2.625873
156	78000000	78500000	0.230461	-0.232171	2.574804
157	78500000	79000000	0.269768	-0.083000	2.648926
158	79000000	79500000	0.239054	-0.015116	2.684825
159	79500000	80000000	0.193639	0.075434	2.754428
160	80000000	80500000	0.191331	0.153293	2.879602
161	80500000	81000000	-0.006057	0.321317	2.969241
162	81000000	81500000	-0.228019	0.428807	3.069308
163	81500000	82000000	-0.296548	0.607344	3.205900
164	82000000	82500000	-0.388117	0.668693	3.257562
165	82500000	83000000	-0.371952	0.792009	3.340400
166	83000000	83500000	-0.433820	0.901866	3.306733
