# Chromosome: chr13, Resolution: 500000bp
# Generated: 2026-09-14 17:10:45
bin	start	end	x	y	z
0	0	500000	-6.129059	-3.807204	3.996944
1	500000	1000000	-6.285346	-3.224923	4.083022
2	1000000	1500000	-6.356122	-1.958206	3.794128
3	1500000	2000000	-6.327933	-0.885576	3.480651
4	2000000	2500000	-6.306786	0.539524	3.138816
5	2500000	3000000	-6.426434	1.868655	2.513989
6	3000000	3500000	-6.635184	2.983424	1.619347
7	3500000	4000000	-6.813052	3.756958	0.578670
8	4000000	4500000	-6.926140	4.122371	-0.451241
9	4500000	5000000	-7.084622	3.470188	-1.185687
10	5000000	5500000	-7.249082	2.378240	-1.902239
11	5500000	6000000	-7.339861	1.283625	-2.576883
12	6000000	6500000	-7.387921	0.454577	-3.075901
13	6500000	7000000	-7.520998	-0.123819	-2.938060
14	7000000	7500000	-7.611413	-0.660390	-2.581463
15	7500000	8000000	-7.353978	-1.714513	-2.009113
16	8000000	8500000	-6.929288	-2.650314	-1.421382
17	8500000	9000000	-6.480398	-3.401159	-0.876822
18	9000000	9500000	-6.045627	-4.173539	-0.427947
19	9500000	10000000	-5.607414	-5.031409	-0.194264
20	10000000	10500000	-5.135198	-5.875539	-0.579983
21	10500000	11000000	-4.805340	-6.499714	-1.021252
22	11000000	11500000	-4.925313	-6.334019	-1.423751
23	11500000	12000000	-5.288100	-5.886381	-1.640954
24	12000000	12500000	-5.804832	-5.145084	-1.510436
25	12500000	13000000	-6.373046	-4.092731	-1.025120
26	13000000	13500000	-6.878261	-2.903073	-0.272759
27	13500000	14000000	-7.199288	-1.668874	0.686073
28	14000000	14500000	-7.151012	-0.255357	1.746621
29	14500000	15000000	-6.891962	1.044907	2.718070
30	15000000	15500000	-6.568050	2.019467	3.590881
31	15500000	16000000	-6.248453	2.552906	4.278867
32	16000000	16500000	-5.875816	2.610225	4.892722
33	16500000	17000000	-5.287836	2.367370	5.493707
34	17000000	17500000	-4.486577	1.940878	5.927626
35	17500000	18000000	-3.755572	1.231501	5.893525
36	18000000	18500000	-3.052431	0.226661	5.461917
37	18500000	19000000	-2.292445	-0.741731	4.884167
38	19000000	19500000	-1.465058	-1.381990	4.349644
39	19500000	20000000	-0.684332	-1.829262	3.768977
40	20000000	20500000	-0.230263	-1.949167	3.186607
41	20500000	21000000	-0.068000	-2.038638	2.747793
42	21000000	21500000	-0.034850	-2.141548	2.693688
43	21500000	22000000	-0.063752	-2.025881	2.795059
44	22000000	22500000	-0.006372	-2.010119	2.838483
45	22500000	23000000	0.075787	-2.067804	2.816516
46	23000000	23500000	0.194875	-2.104225	2.774229
47	23500000	24000000	0.383683	-2.323158	2.699796
48	24000000	24500000	0.489041	-2.504824	2.781437
49	24500000	25000000	0.589753	-2.627163	2.627972
50	25000000	25500000	0.732600	-2.621613	2.726802
51	25500000	26000000	0.837252	-2.625061	2.800250
52	26000000	26500000	0.868259	-2.557480	2.945672
53	26500000	27000000	0.975391	-2.590641	2.972849
54	27000000	27500000	1.013302	-2.456941	3.103613
55	27500000	28000000	1.058494	-2.297377	2.965719
56	28000000	28500000	1.184139	-2.355423	2.987676
57	28500000	29000000	1.351862	-2.507901	2.881940
58	29000000	29500000	1.435237	-2.390142	2.857392
59	29500000	30000000	1.480802	-2.148576	2.763721
60	30000000	30500000	1.429285	-1.785689	2.829496
61	30500000	31000000	1.571539	-1.702618	2.739893
62	31000000	31500000	1.839295	-1.772195	2.715068
63	31500000	32000000	1.978292	-1.575930	2.689355
64	32000000	32500000	2.019101	-1.271085	2.688907
65	32500000	33000000	1.945017	-0.807277	2.805836
66	33000000	33500000	1.933283	-0.538010	2.961371
67	33500000	34000000	1.962301	-0.359556	3.051157
68	34000000	34500000	1.869614	-0.115293	3.107587
69	34500000	35000000	1.675746	0.205195	3.109600
70	35000000	35500000	1.558106	0.340445	3.090568
71	35500000	36000000	1.504886	0.529972	3.102730
72	36000000	36500000	1.562901	0.615832	3.089168
73	36500000	37000000	1.707055	0.597505	2.954175
74	37000000	37500000	1.843310	0.577198	2.783812
75	37500000	38000000	1.936271	0.427092	2.613075
76	38000000	38500000	2.193793	0.205124	2.507972
77	38500000	39000000	2.404565	0.009144	2.372611
78	39000000	39500000	2.550140	-0.434253	2.149565
79	39500000	40000000	2.730887	-0.996282	1.875480
80	40000000	40500000	2.814500	-1.557296	1.625769
81	40500000	41000000	2.861007	-2.097251	1.383738
82	41000000	41500000	3.032036	-2.349491	1.241047
83	41500000	42000000	3.120968	-2.481676	1.110141
84	42000000	42500000	3.235783	-2.487413	1.117715
85	42500000	43000000	3.332358	-2.353262	1.122455
86	43000000	43500000	3.347394	-2.236240	1.064038
87	43500000	44000000	3.396652	-2.141198	0.997628
88	44000000	44500000	3.375441	-2.067158	0.993096
89	44500000	45000000	3.333567	-2.147738	0.885345
90	45000000	45500000	3.245629	-2.129877	0.760742
91	45500000	46000000	3.150200	-2.031324	0.630577
92	46000000	46500000	3.036943	-1.940031	0.532856
93	46500000	47000000	2.984050	-2.012188	0.438968
94	47000000	47500000	2.886312	-1.908848	0.400345
95	47500000	48000000	2.868471	-1.833136	0.322801
96	48000000	48500000	2.742258	-1.849047	0.339814
97	48500000	49000000	2.567561	-2.063736	0.284329
98	49000000	49500000	2.332956	-2.339754	0.224265
99	49500000	50000000	2.153866	-2.530996	0.159145
100	50000000	50500000	1.974807	-2.459018	0.157725
101	50500000	51000000	1.760258	-2.435587	0.188552
102	51000000	51500000	1.462752	-2.181296	0.293471
103	51500000	52000000	1.162720	-1.654943	0.439139
104	52000000	52500000	0.847360	-0.926456	0.718306
105	52500000	53000000	0.525525	-0.281814	0.886555
106	53000000	53500000	0.229806	0.350333	1.091806
107	53500000	54000000	-0.022334	0.985936	1.306616
108	54000000	54500000	-0.195957	1.622002	1.514288
109	54500000	55000000	-0.332578	2.117701	1.631438
110	55000000	55500000	-0.346150	2.434208	1.759189
111	55500000	56000000	-0.261928	2.604884	1.809909
112	56000000	56500000	-0.135200	2.730867	1.860828
113	56500000	57000000	-0.009948	2.797460	1.851913
114	57000000	57500000	0.055332	2.694225	1.868334
115	57500000	58000000	0.131558	2.545960	1.792631
116	58000000	58500000	0.341023	2.240220	1.688293
117	58500000	59000000	0.526496	1.912608	1.543998
118	59000000	59500000	0.658663	1.721513	1.399046
119	59500000	60000000	0.840333	1.642036	1.342074
120	60000000	60500000	1.050152	1.647551	1.344885
121	60500000	61000000	1.362391	1.651431	1.271418
122	61000000	61500000	1.667988	1.760210	1.233117
123	61500000	62000000	1.754698	2.143286	1.291357
124	62000000	62500000	1.891642	2.511534	1.357272
125	62500000	63000000	2.004963	2.756245	1.378792
126	63000000	63500000	2.026529	2.906791	1.272331
127	63500000	64000000	1.970911	2.983238	1.147811
128	64000000	64500000	1.918085	3.164306	1.090149
129	64500000	65000000	1.968456	3.098793	1.034028
130	65000000	65500000	2.129177	3.007501	0.960833
131	65500000	66000000	2.098547	2.931337	0.822058
132	66000000	66500000	2.100604	2.901693	0.641026
133	66500000	67000000	2.188472	2.859529	0.525228
134	67000000	67500000	2.382263	2.778749	0.427563
135	67500000	68000000	2.483751	2.755346	0.258148
136	68000000	68500000	2.509170	2.806258	0.108307
137	68500000	69000000	2.529747	2.867860	-0.152625
138	69000000	69500000	2.660557	2.859019	-0.376437
139	69500000	70000000	2.868638	2.688586	-0.499151
140	70000000	70500000	3.019173	2.599265	-0.644298
141	70500000	71000000	3.048890	2.481205	-0.794960
142	71000000	71500000	3.089320	2.150588	-0.867809
143	71500000	72000000	3.064200	1.983116	-0.971833
144	72000000	72500000	3.091671	1.635055	-0.950425
145	72500000	73000000	3.146967	1.382242	-0.949577
146	73000000	73500000	3.120410	1.332278	-1.050272
147	73500000	74000000	3.092344	1.032398	-1.090045
148	74000000	74500000	3.107820	0.746292	-1.160179
149	74500000	75000000	3.133924	0.846588	-1.319527
150	75000000	75500000	3.162372	0.815901	-1.442787
151	75500000	76000000	3.197200	0.541675	-1.561510
152	76000000	76500000	3.168637	0.420483	-1.714155
153	76500000	77000000	3.155295	0.305155	-1.817116
154	77000000	77500000	3.163246	0.372118	-1.950081
155	77500000	78000000	3.134139	0.352466	-2.049816
156	78000000	78500000	3.007988	0.264126	-2.068651
157	78500000	79000000	2.901416	0.248187	-2.057153
158	79000000	79500000	2.696151	0.778161	-2.103950
159	79500000	80000000	2.495277	1.079644	-2.115159
160	80000000	80500000	2.279030	1.387586	-2.140322
161	80500000	81000000	1.985574	1.748774	-2.109334
162	81000000	81500000	1.747141	2.236669	-2.118266
163	81500000	82000000	1.553319	2.638634	-2.104885
164	82000000	82500000	1.407358	2.875271	-2.141558
165	82500000	83000000	1.262043	2.887486	-2.071916
166	83000000	83500000	1.062853	3.024511	-1.934419
167	83500000	84000000	0.858414	3.030237	-1.790935
168	84000000	84500000	0.701204	3.009557	-1.699005
169	84500000	85000000	0.484539	3.044322	-1.599200
170	85000000	85500000	0.291673	2.995574	-1.579405
171	85500000	86000000	0.053273	3.065714	-1.582724
172	86000000	86500000	-0.196225	3.097129	-1.579697
173	86500000	87000000	-0.386404	3.031008	-1.667029
174	87000000	87500000	-0.562873	2.900748	-1.693825
175	87500000	88000000	-0.702481	2.870638	-1.750687
176	88000000	88500000	-0.839573	2.889156	-1.920360
177	88500000	89000000	-0.902884	2.788157	-1.998698
178	89000000	89500000	-0.954610	2.650357	-2.011600
179	89500000	90000000	-0.777534	2.370322	-2.069172
180	90000000	90500000	-0.572363	2.165584	-2.169933
181	90500000	91000000	-0.430387	2.178038	-2.330102
182	91000000	91500000	-0.374932	2.073616	-2.493342
183	91500000	92000000	-0.254482	1.881826	-2.547369
184	92000000	92500000	-0.129553	1.777002	-2.674728
185	92500000	93000000	0.050256	1.680684	-2.803398
186	93000000	93500000	0.032744	1.531079	-2.831166
187	93500000	94000000	0.079284	1.203260	-2.773140
188	94000000	94500000	0.149372	0.797426	-2.668028
189	94500000	95000000	0.185178	0.581154	-2.570087
190	95000000	95500000	0.158836	0.390765	-2.447067
191	95500000	96000000	0.296987	0.024080	-2.307458
192	96000000	96500000	0.356782	-0.231234	-2.237202
193	96500000	97000000	0.469137	-0.396498	-2.315928
194	97000000	97500000	0.554287	-0.467511	-2.385141
195	97500000	98000000	0.748488	-0.687805	-2.499377
196	98000000	98500000	0.989272	-0.996796	-2.584604
197	98500000	99000000	1.243818	-1.350417	-2.662245
198	99000000	99500000	1.280731	-1.293611	-2.773701
199	99500000	100000000	1.319021	-1.192866	-2.957130
200	100000000	100500000	1.332743	-1.007355	-3.094357
201	100500000	101000000	1.251783	-0.756871	-3.307940
202	101000000	101500000	1.119551	-0.609237	-3.449035
203	101500000	102000000	1.030325	-0.528579	-3.632411
204	102000000	102500000	0.912661	-0.298673	-3.883082
205	102500000	103000000	0.709994	-0.076364	-4.129263
206	103000000	103500000	0.574526	-0.025629	-4.220074
207	103500000	104000000	0.398090	-0.016653	-4.323512
208	104000000	104500000	0.228375	0.058355	-4.379830
209	104500000	105000000	0.077474	0.246130	-4.431465
210	105000000	105500000	-0.049178	0.410688	-4.383791
211	105500000	106000000	-0.202314	0.528777	-4.258867
212	106000000	106500000	-0.300424	0.530116	-4.105414
213	106500000	107000000	-0.378906	0.389488	-3.881580
214	107000000	107500000	-0.508276	0.350255	-3.682074
215	107500000	108000000	-0.572376	0.135092	-3.428784
216	108000000	108500000	-0.655094	-0.036460	-3.221313
217	108500000	109000000	-0.673134	-0.298222	-3.064575
218	109000000	109500000	-0.531444	-0.740695	-2.881670
219	109500000	110000000	-0.449244	-1.209432	-2.686463
220	110000000	110500000	-0.754094	-1.214176	-2.729040
221	110500000	111000000	-0.998759	-1.411907	-2.972777
222	111000000	111500000	-0.868902	-1.670342	-2.907150
223	111500000	112000000	-0.695860	-1.993481	-2.852388
224	112000000	112500000	-0.633610	-2.307879	-2.880191
225	112500000	113000000	-0.611861	-2.605867	-2.912680
226	113000000	113500000	-0.676224	-2.682138	-3.015997
227	113500000	114000000	-0.321946	-3.133313	-2.967591
228	114000000	114500000	0.268790	-3.515675	-2.527357
