# Chromosome: chr4, Resolution: 500000bp
# Generated: 2026-09-02 10:41:04
bin	start	end	x	y	z
0	0	500000	-2.606790	2.711000	1.154498
1	500000	1000000	-2.687012	2.580268	1.080408
2	1000000	1500000	-2.807489	2.453308	1.052303
3	1500000	2000000	-2.838739	2.391627	0.967379
4	2000000	2500000	-2.939201	2.306634	0.840447
5	2500000	3000000	-2.920314	2.235800	0.674844
6	3000000	3500000	-2.847380	2.194347	0.476123
7	3500000	4000000	-2.650530	2.298297	0.283153
8	4000000	4500000	-2.501382	2.402880	0.139728
9	4500000	5000000	-2.342591	2.514662	-0.017858
10	5000000	5500000	-2.284947	2.538376	-0.061249
11	5500000	6000000	-2.222053	2.553691	-0.138920
12	6000000	6500000	-2.215285	2.609073	-0.154495
13	6500000	7000000	-2.290014	2.583526	-0.188040
14	7000000	7500000	-2.274654	2.583655	-0.179408
15	7500000	8000000	-2.160050	2.732160	-0.070187
16	8000000	8500000	-2.104588	2.730772	-0.168962
17	8500000	9000000	-1.907444	2.720495	-0.338357
18	9000000	9500000	-1.814443	2.694321	-0.395181
19	9500000	10000000	-1.667169	2.723007	-0.443759
20	10000000	10500000	-1.379000	2.847527	-0.455197
21	10500000	11000000	-1.167141	2.909403	-0.539767
22	11000000	11500000	-1.046874	2.843810	-0.738718
23	11500000	12000000	-0.829406	2.994134	-0.664765
24	12000000	12500000	-0.762748	3.189088	-0.579357
25	12500000	13000000	-0.636009	3.303992	-0.598329
26	13000000	13500000	-0.620438	3.330183	-0.616371
27	13500000	14000000	-0.672454	3.301493	-0.679297
28	14000000	14500000	-0.803526	3.196658	-0.716293
29	14500000	15000000	-0.896358	3.100801	-0.785626
30	15000000	15500000	-0.892167	3.032965	-0.918220
31	15500000	16000000	-0.911341	2.985724	-1.010353
32	16000000	16500000	-0.975899	2.969442	-1.060834
33	16500000	17000000	-0.892628	2.925362	-1.168402
34	17000000	17500000	-0.719312	2.942360	-1.203026
35	17500000	18000000	-0.442167	3.070180	-1.201482
36	18000000	18500000	-0.204582	3.182262	-1.131352
37	18500000	19000000	-0.101674	3.197378	-1.119276
38	19000000	19500000	0.061368	3.191626	-1.154364
39	19500000	20000000	0.272652	3.159564	-1.202868
40	20000000	20500000	0.454355	3.247729	-1.186474
41	20500000	21000000	0.412224	3.185082	-1.247228
42	21000000	21500000	0.329260	3.118466	-1.372459
43	21500000	22000000	0.269815	3.088255	-1.476290
44	22000000	22500000	0.382474	3.068556	-1.494823
45	22500000	23000000	0.277153	3.013141	-1.601811
46	23000000	23500000	0.054594	2.967758	-1.616072
47	23500000	24000000	-0.213122	2.811252	-1.608448
48	24000000	24500000	-0.400525	2.752856	-1.594795
49	24500000	25000000	-0.708307	2.591924	-1.557541
50	25000000	25500000	-0.873944	2.446533	-1.625406
51	25500000	26000000	-1.085850	2.313144	-1.746221
52	26000000	26500000	-0.990843	2.242629	-1.740402
53	26500000	27000000	-0.757982	2.211558	-1.789836
54	27000000	27500000	-0.405515	2.301877	-1.873925
55	27500000	28000000	-0.094077	2.367305	-1.975308
56	28000000	28500000	0.402088	2.484377	-2.011019
57	28500000	29000000	0.628081	2.508113	-2.047793
58	29000000	29500000	0.751099	2.524191	-2.031856
59	29500000	30000000	0.796267	2.523074	-2.068544
60	30000000	30500000	0.800184	2.506271	-2.138672
61	30500000	31000000	0.764596	2.408190	-2.193086
62	31000000	31500000	0.750540	2.310462	-2.253234
63	31500000	32000000	0.770054	2.260646	-2.292934
64	32000000	32500000	0.961945	2.247174	-2.268552
65	32500000	33000000	1.097117	2.210541	-2.293112
66	33000000	33500000	1.455565	2.207203	-2.241096
67	33500000	34000000	1.425873	2.124152	-2.246937
68	34000000	34500000	1.286100	2.077564	-2.248583
69	34500000	35000000	1.015004	1.993690	-2.152653
70	35000000	35500000	0.596529	1.872856	-2.122629
71	35500000	36000000	0.185305	1.755045	-2.097136
72	36000000	36500000	-0.328487	1.657738	-1.971216
73	36500000	37000000	-1.098793	1.543280	-1.834994
74	37000000	37500000	-1.459736	1.479143	-1.595307
75	37500000	38000000	-1.911185	1.370403	-1.309343
76	38000000	38500000	-2.226961	1.292171	-1.074565
77	38500000	39000000	-2.433517	1.181823	-0.932639
78	39000000	39500000	-2.714381	1.119639	-0.755135
79	39500000	40000000	-2.649970	1.102452	-0.806306
80	40000000	40500000	-2.576620	1.066033	-0.984423
81	40500000	41000000	-2.510695	1.048063	-1.199138
82	41000000	41500000	-2.273181	1.080301	-1.489471
83	41500000	42000000	-1.566035	1.129449	-1.896159
84	42000000	42500000	-0.977236	1.211774	-2.196494
85	42500000	43000000	-0.590447	1.241752	-2.540478
86	43000000	43500000	-0.369526	1.254441	-2.779258
87	43500000	44000000	-0.083330	1.309214	-2.918570
88	44000000	44500000	0.333979	1.395008	-3.027177
89	44500000	45000000	0.673683	1.419496	-3.130708
90	45000000	45500000	0.394416	1.414165	-3.108452
91	45500000	46000000	0.022810	1.381148	-3.052143
92	46000000	46500000	-0.289709	1.390671	-2.909651
93	46500000	47000000	-0.534604	1.332772	-2.619350
94	47000000	47500000	-0.840629	1.299898	-2.415084
95	47500000	48000000	-0.565121	1.315092	-2.286635
96	48000000	48500000	-1.265323	1.136260	-1.565962
97	48500000	49000000	-0.622731	1.115999	-1.366010
98	49000000	49500000	-1.006513	1.046025	-0.656500
99	49500000	50000000	-1.228862	0.952689	-0.019747
100	50000000	50500000	-0.606665	0.943352	-0.226083
101	50500000	51000000	-0.391730	0.831505	-0.358139
102	51000000	51500000	-1.054617	0.629979	-0.325435
103	51500000	52000000	-0.872758	0.654105	-0.876069
104	52000000	52500000	-1.731954	0.564840	-0.903092
105	52500000	53000000	-1.403913	0.467941	-1.591887
106	53000000	53500000	-1.023896	0.385136	-2.340582
107	53500000	54000000	-1.548578	0.265688	-2.234374
108	54000000	54500000	-1.724365	0.178962	-2.122910
109	54500000	55000000	-1.717286	0.145066	-2.100165
110	55000000	55500000	-1.588319	0.074935	-2.044347
111	55500000	56000000	-1.447609	-0.008650	-2.094934
112	56000000	56500000	-1.276312	-0.064647	-2.179474
113	56500000	57000000	-1.110386	-0.089834	-2.153672
114	57000000	57500000	-0.957314	-0.144685	-2.277816
115	57500000	58000000	-0.658747	-0.226715	-2.479789
116	58000000	58500000	-0.437408	-0.308011	-2.585915
117	58500000	59000000	-0.050301	-0.332470	-2.719368
118	59000000	59500000	0.198072	-0.375257	-2.831234
119	59500000	60000000	0.353406	-0.397848	-2.790405
120	60000000	60500000	0.527926	-0.462360	-2.870992
121	60500000	61000000	0.637192	-0.492871	-2.855109
122	61000000	61500000	0.672456	-0.450711	-2.762936
123	61500000	62000000	0.861293	-0.445229	-2.799532
124	62000000	62500000	0.787481	-0.516648	-2.829390
125	62500000	63000000	0.721802	-0.604587	-2.858591
126	63000000	63500000	0.696745	-0.691544	-2.844231
127	63500000	64000000	0.563446	-0.759413	-2.719687
128	64000000	64500000	0.570561	-0.828042	-2.685400
129	64500000	65000000	0.618143	-0.912376	-2.654575
130	65000000	65500000	0.420825	-1.011095	-2.614748
131	65500000	66000000	0.280578	-1.035758	-2.559384
132	66000000	66500000	0.068234	-1.000994	-2.352666
133	66500000	67000000	0.365034	-0.900404	-2.354052
134	67000000	67500000	0.861589	-0.703114	-2.333402
135	67500000	68000000	0.663959	-0.713427	-2.271577
136	68000000	68500000	0.494993	-0.783928	-2.266116
137	68500000	69000000	0.789542	-0.725312	-2.290750
138	69000000	69500000	0.554272	-0.747383	-2.290553
139	69500000	70000000	0.484431	-0.882022	-2.443510
140	70000000	70500000	0.022851	-0.979834	-2.374983
141	70500000	71000000	-0.654344	-1.277731	-2.487846
142	71000000	71500000	-0.610034	-1.358097	-2.629380
143	71500000	72000000	-0.916153	-1.298325	-2.514914
144	72000000	72500000	-1.471231	-1.372253	-2.384521
145	72500000	73000000	-1.378258	-1.377454	-2.282545
146	73000000	73500000	-1.397009	-1.326743	-2.190041
147	73500000	74000000	-1.549111	-1.267257	-2.056366
148	74000000	74500000	-1.818168	-1.127692	-1.712939
149	74500000	75000000	-2.133760	-0.986469	-1.342610
150	75000000	75500000	-2.122328	-0.939463	-1.155473
151	75500000	76000000	-2.175655	-0.862934	-0.994959
152	76000000	76500000	-2.375267	-0.848742	-0.865107
153	76500000	77000000	-2.458717	-0.831572	-0.723493
154	77000000	77500000	-2.670922	-0.890474	-0.580399
155	77500000	78000000	-2.585220	-1.048571	-0.685984
156	78000000	78500000	-2.487779	-1.197230	-0.846934
157	78500000	79000000	-2.547023	-1.298778	-0.898721
158	79000000	79500000	-2.651977	-1.455739	-0.920424
159	79500000	80000000	-2.583499	-1.561138	-0.939607
160	80000000	80500000	-2.541075	-1.627024	-0.947069
161	80500000	81000000	-2.370716	-1.665039	-1.043539
162	81000000	81500000	-2.428905	-1.552846	-0.903615
163	81500000	82000000	-2.586806	-1.422809	-0.667904
164	82000000	82500000	-2.407458	-1.417579	-0.695998
165	82500000	83000000	-2.152026	-1.509411	-0.844537
166	83000000	83500000	-1.835027	-1.570244	-1.001362
167	83500000	84000000	-1.562367	-1.551425	-1.049334
168	84000000	84500000	-1.444615	-1.610347	-1.061173
169	84500000	85000000	-1.198081	-1.784477	-1.198154
170	85000000	85500000	-1.181757	-1.891700	-1.125757
171	85500000	86000000	-1.228338	-1.867380	-1.027229
172	86000000	86500000	-1.146441	-1.769430	-0.955644
173	86500000	87000000	-1.337209	-1.707610	-0.767181
174	87000000	87500000	-1.499118	-1.831729	-0.766806
175	87500000	88000000	-1.470416	-1.833274	-0.741710
176	88000000	88500000	-1.197801	-1.818120	-0.796570
177	88500000	89000000	-0.765807	-1.969059	-1.127494
178	89000000	89500000	-0.310029	-2.096852	-1.398331
179	89500000	90000000	-0.116994	-2.153260	-1.416232
180	90000000	90500000	0.434091	-2.141283	-1.623153
181	90500000	91000000	0.907715	-2.058048	-1.738321
182	91000000	91500000	1.257204	-2.144684	-1.900392
183	91500000	92000000	1.189909	-2.156815	-1.894348
184	92000000	92500000	1.288705	-2.113688	-1.828959
185	92500000	93000000	1.109576	-2.155060	-1.709599
186	93000000	93500000	1.046030	-2.155938	-1.621240
187	93500000	94000000	0.813494	-2.237218	-1.464121
188	94000000	94500000	0.639137	-2.400271	-1.361874
189	94500000	95000000	0.775993	-2.322795	-1.323340
190	95000000	95500000	0.975200	-2.337122	-1.301793
191	95500000	96000000	1.038607	-2.387093	-1.323750
192	96000000	96500000	1.226630	-2.424880	-1.360059
193	96500000	97000000	1.140148	-2.551614	-1.352152
194	97000000	97500000	1.037646	-2.525937	-1.332908
195	97500000	98000000	0.869939	-2.440465	-1.253328
196	98000000	98500000	0.413145	-2.503833	-1.062310
197	98500000	99000000	0.120963	-2.590916	-0.980520
198	99000000	99500000	-0.153515	-2.585537	-0.784136
199	99500000	100000000	-0.617968	-2.596960	-0.554405
200	100000000	100500000	-0.633929	-2.576605	-0.481585
201	100500000	101000000	-0.721405	-2.586583	-0.374035
202	101000000	101500000	-0.983392	-2.494283	-0.105482
203	101500000	102000000	-1.038925	-2.582317	-0.066652
204	102000000	102500000	-0.971134	-2.561615	0.009198
205	102500000	103000000	-1.150390	-2.567130	0.154985
206	103000000	103500000	-1.149319	-2.505880	0.233860
207	103500000	104000000	-1.369798	-2.366244	0.408510
208	104000000	104500000	-1.493267	-2.395090	0.499611
209	104500000	105000000	-1.410314	-2.566477	0.450019
210	105000000	105500000	-1.167109	-2.588832	0.415335
211	105500000	106000000	-1.179087	-2.666801	0.480101
212	106000000	106500000	-1.048357	-2.748435	0.473880
213	106500000	107000000	-0.991044	-2.790199	0.505560
214	107000000	107500000	-0.775778	-2.873026	0.428316
215	107500000	108000000	-0.576267	-3.003751	0.434465
216	108000000	108500000	-0.534952	-2.867755	0.438373
217	108500000	109000000	-0.787495	-2.694102	0.579480
218	109000000	109500000	-0.841837	-2.612914	0.692871
219	109500000	110000000	-0.516016	-2.607053	0.523270
220	110000000	110500000	-0.325851	-2.656767	0.496938
221	110500000	111000000	-0.381937	-2.603800	0.606273
222	111000000	111500000	-0.554666	-2.432649	0.703593
223	111500000	112000000	-0.444168	-2.481983	0.750746
224	112000000	112500000	-0.467933	-2.437091	0.808135
225	112500000	113000000	-0.354818	-2.380735	0.743645
226	113000000	113500000	-0.429205	-2.312218	0.856133
227	113500000	114000000	-0.325013	-2.215450	0.823456
228	114000000	114500000	-0.096445	-2.248324	0.736956
229	114500000	115000000	0.252275	-2.374928	0.656085
230	115000000	115500000	0.527470	-2.375141	0.525136
231	115500000	116000000	0.870410	-2.540599	0.454096
232	116000000	116500000	1.033963	-2.615170	0.414477
233	116500000	117000000	1.032893	-2.656415	0.494265
234	117000000	117500000	0.952727	-2.649152	0.581829
235	117500000	118000000	0.922070	-2.543861	0.593017
236	118000000	118500000	0.949889	-2.414992	0.558212
237	118500000	119000000	1.151131	-2.291529	0.441600
238	119000000	119500000	1.192776	-2.166641	0.402587
239	119500000	120000000	0.981710	-2.011026	0.521298
240	120000000	120500000	0.854004	-1.866514	0.552593
241	120500000	121000000	0.819104	-1.886631	0.639782
242	121000000	121500000	0.695257	-1.921907	0.745705
243	121500000	122000000	0.553913	-1.815144	0.815623
244	122000000	122500000	0.426534	-1.835149	0.932622
245	122500000	123000000	0.516067	-1.879818	0.938064
246	123000000	123500000	0.795854	-1.944468	0.919819
247	123500000	124000000	1.116322	-1.935842	0.774196
248	124000000	124500000	1.457541	-1.837156	0.549868
249	124500000	125000000	1.861660	-1.800259	0.365407
250	125000000	125500000	2.140448	-1.841854	0.281260
251	125500000	126000000	2.198372	-1.847470	0.336149
252	126000000	126500000	2.034923	-1.858616	0.524200
253	126500000	127000000	1.655661	-1.740832	0.622452
254	127000000	127500000	1.345865	-1.722278	0.867220
255	127500000	128000000	1.256065	-1.658280	0.971515
256	128000000	128500000	1.321665	-1.603200	0.996090
257	128500000	129000000	1.341285	-1.587438	1.080190
258	129000000	129500000	1.425623	-1.548228	1.045984
259	129500000	130000000	1.712912	-1.386851	0.857547
260	130000000	130500000	2.240004	-1.317277	0.649812
261	130500000	131000000	2.569893	-1.204013	0.441551
262	131000000	131500000	2.603879	-1.224170	0.469863
263	131500000	132000000	2.533984	-1.285962	0.637333
264	132000000	132500000	2.497267	-1.358246	0.721986
265	132500000	133000000	2.316441	-1.417478	0.925434
266	133000000	133500000	2.105590	-1.558546	1.153786
267	133500000	134000000	1.917406	-1.686912	1.422014
268	134000000	134500000	1.961608	-1.750718	1.542244
269	134500000	135000000	2.084681	-1.736333	1.571263
270	135000000	135500000	1.966692	-1.724111	1.647443
271	135500000	136000000	1.877191	-1.599855	1.652305
272	136000000	136500000	1.744447	-1.625309	1.766264
273	136500000	137000000	1.601774	-1.487775	1.742485
274	137000000	137500000	1.363969	-1.375357	1.738157
275	137500000	138000000	0.809575	-1.263865	1.849078
276	138000000	138500000	0.321675	-1.198352	1.974199
277	138500000	139000000	-0.017552	-1.146938	2.076806
278	139000000	139500000	-0.330285	-1.126175	2.230325
279	139500000	140000000	-0.529221	-1.027934	2.313962
280	140000000	140500000	-0.753661	-0.996922	2.412245
281	140500000	141000000	-0.849145	-0.986519	2.525403
282	141000000	141500000	-0.205361	-0.933139	2.269992
283	141500000	142000000	-0.293125	-0.918162	2.397335
284	142000000	142500000	-0.407489	-0.793385	2.457094
285	142500000	143000000	-0.490498	-0.626134	2.509749
286	143000000	143500000	-0.586021	-0.437633	2.523339
287	143500000	144000000	-0.600016	-0.347853	2.572810
288	144000000	144500000	-0.732750	-0.299007	2.549780
289	144500000	145000000	-1.336778	-0.291134	2.886177
290	145000000	145500000	-1.175020	-0.280713	2.895967
291	145500000	146000000	-0.937958	-0.365702	2.898626
292	146000000	146500000	-0.874662	-0.447270	2.885697
293	146500000	147000000	-0.636563	-0.595861	2.815759
294	147000000	147500000	-0.371862	-0.686386	2.810978
295	147500000	148000000	-0.043182	-0.733821	2.834580
296	148000000	148500000	0.231056	-0.860088	2.868414
297	148500000	149000000	0.269643	-0.853444	2.784426
298	149000000	149500000	0.168833	-0.737336	2.713998
299	149500000	150000000	0.248037	-0.724758	2.596520
300	150000000	150500000	0.138940	-0.648129	2.563480
301	150500000	151000000	-0.046748	-0.553985	2.556283
302	151000000	151500000	-0.328248	-0.392629	2.556867
303	151500000	152000000	-0.615972	-0.205370	2.499215
304	152000000	152500000	-0.650181	-0.138013	2.489838
305	152500000	153000000	-0.541445	-0.139892	2.536856
306	153000000	153500000	-0.389425	-0.137304	2.607146
307	153500000	154000000	-0.186881	-0.135518	2.692293
308	154000000	154500000	-0.094428	-0.094955	2.783908
309	154500000	155000000	0.238096	-0.204099	2.769874
310	155000000	155500000	0.576685	-0.223852	2.873454
311	155500000	156000000	0.984626	-0.266909	2.792717
312	156000000	156500000	1.204714	-0.316216	2.734805
313	156500000	157000000	1.355002	-0.327053	2.714898
314	157000000	157500000	1.322396	-0.254053	2.759876
315	157500000	158000000	1.371298	-0.245955	2.694992
316	158000000	158500000	1.507477	-0.211463	2.694482
317	158500000	159000000	1.654599	-0.262206	2.576284
318	159000000	159500000	1.618857	-0.229872	2.604256
319	159500000	160000000	1.717900	-0.150373	2.599558
320	160000000	160500000	1.915273	-0.084478	2.487575
321	160500000	161000000	2.207178	-0.028433	2.322445
322	161000000	161500000	2.494449	-0.045744	2.158713
323	161500000	162000000	2.470073	0.018953	2.118608
324	162000000	162500000	2.373809	0.052520	2.058898
325	162500000	163000000	2.501384	0.148068	1.954359
326	163000000	163500000	2.357659	0.135735	1.908130
327	163500000	164000000	2.092567	0.158257	1.960073
328	164000000	164500000	2.075009	0.132878	1.840613
329	164500000	165000000	2.135988	0.202184	1.808358
330	165000000	165500000	1.984863	0.277998	1.876821
331	165500000	166000000	2.183804	0.406605	1.835207
332	166000000	166500000	2.183760	0.469562	1.770320
333	166500000	167000000	2.270401	0.580412	1.820906
334	167000000	167500000	2.341212	0.618808	1.797914
335	167500000	168000000	1.977941	0.710119	2.016102
336	168000000	168500000	1.718961	0.717761	2.106496
337	168500000	169000000	1.873201	0.761530	1.974382
338	169000000	169500000	1.785582	0.776055	1.975105
339	169500000	170000000	1.764853	0.899597	1.972574
340	170000000	170500000	1.935374	0.977291	1.754143
341	170500000	171000000	2.068029	1.093511	1.669662
342	171000000	171500000	2.409618	1.102294	1.454473
343	171500000	172000000	2.575506	1.233829	1.362110
344	172000000	172500000	2.622891	1.293842	1.291887
345	172500000	173000000	2.591138	1.364216	1.305124
346	173000000	173500000	2.398412	1.250895	1.452480
347	173500000	174000000	2.313143	1.283420	1.569704
348	174000000	174500000	2.273713	1.410506	1.612114
349	174500000	175000000	2.088262	1.413676	1.768578
350	175000000	175500000	2.062928	1.386315	1.869654
351	175500000	176000000	1.936363	1.371730	2.030319
352	176000000	176500000	1.883044	1.419988	2.101546
353	176500000	177000000	1.918822	1.595931	2.100500
354	177000000	177500000	1.834212	1.658653	2.149837
355	177500000	178000000	1.681612	1.539062	2.265045
356	178000000	178500000	1.717215	1.598181	2.233951
357	178500000	179000000	1.636257	1.585394	2.244204
358	179000000	179500000	1.599323	1.590280	2.190339
359	179500000	180000000	1.545777	1.580221	2.234887
360	180000000	180500000	1.404404	1.517636	2.306887
361	180500000	181000000	1.229143	1.450599	2.391916
362	181000000	181500000	1.095904	1.473747	2.427999
363	181500000	182000000	0.920485	1.452744	2.493114
364	182000000	182500000	0.750254	1.477013	2.537245
365	182500000	183000000	0.514543	1.473676	2.595647
366	183000000	183500000	0.231563	1.373823	2.576102
367	183500000	184000000	0.008928	1.273313	2.599270
368	184000000	184500000	-0.077650	1.225785	2.558603
369	184500000	185000000	-0.050395	1.198363	2.499144
370	185000000	185500000	-0.023538	1.377107	2.507401
371	185500000	186000000	0.024499	1.517898	2.512566
372	186000000	186500000	0.168332	1.690000	2.504597
373	186500000	187000000	0.353529	1.950548	2.497977
374	187000000	187500000	0.577149	2.201820	2.429292
375	187500000	188000000	0.731275	2.414916	2.382506
376	188000000	188500000	1.213292	2.501343	1.918828
377	188500000	189000000	0.727263	2.413472	1.933127
378	189000000	189500000	0.767267	2.426966	1.811923
379	189500000	190000000	0.776973	2.424353	1.690217
380	190000000	190500000	0.785609	2.329914	1.520279
