# Chromosome: chr17, Resolution: 500000bp
# Generated: 2026-09-24 10:42:29
bin	start	end	x	y	z
0	0	500000	1.346612	-0.841906	3.395542
1	500000	1000000	1.144620	-0.910123	3.261664
2	1000000	1500000	1.022603	-0.757471	3.130283
3	1500000	2000000	1.012389	-0.501151	2.996019
4	2000000	2500000	0.779570	-0.608167	2.684941
5	2500000	3000000	0.653564	-0.741917	2.771894
6	3000000	3500000	0.438103	-0.663346	2.656857
7	3500000	4000000	0.345625	-0.524876	2.536887
8	4000000	4500000	0.392028	-0.249724	2.381338
9	4500000	5000000	0.441126	-0.110466	2.253302
10	5000000	5500000	0.366172	-0.220352	2.180967
11	5500000	6000000	0.253439	-0.281934	2.237589
12	6000000	6500000	0.202037	-0.219884	2.168346
13	6500000	7000000	0.181874	-0.081916	2.060318
14	7000000	7500000	0.141149	0.082129	1.971607
15	7500000	8000000	0.024714	0.169964	1.952447
16	8000000	8500000	-0.074086	0.302110	1.836099
17	8500000	9000000	-0.141843	0.507189	1.700101
18	9000000	9500000	-0.066145	0.986832	1.435403
19	9500000	10000000	0.092486	1.568974	1.171618
20	10000000	10500000	0.253450	2.031811	0.962090
21	10500000	11000000	0.319468	2.337646	0.820330
22	11000000	11500000	0.332718	2.553516	0.715455
23	11500000	12000000	0.360630	2.740582	0.727839
24	12000000	12500000	0.398206	2.965943	0.658114
25	12500000	13000000	0.388599	3.046382	0.633902
26	13000000	13500000	0.295745	3.063755	0.593005
27	13500000	14000000	0.144725	3.090242	0.575521
28	14000000	14500000	-0.002741	3.110271	0.625686
29	14500000	15000000	-0.091329	2.874343	0.764331
30	15000000	15500000	-0.236265	2.652980	0.939593
31	15500000	16000000	-0.390929	2.282381	1.148907
32	16000000	16500000	-0.566850	1.952747	1.329071
33	16500000	17000000	-0.763600	1.497630	1.615788
34	17000000	17500000	-0.926493	1.186777	1.970841
35	17500000	18000000	-1.064024	1.027620	2.120497
36	18000000	18500000	-1.156013	1.036880	2.089993
37	18500000	19000000	-1.233472	1.077314	2.046777
38	19000000	19500000	-1.271296	1.357085	2.015820
39	19500000	20000000	-1.205185	1.555154	1.865776
40	20000000	20500000	-0.974373	2.068212	1.681694
41	20500000	21000000	-0.656692	2.490353	1.310842
42	21000000	21500000	-0.129035	2.837557	1.053449
43	21500000	22000000	0.759465	2.951224	1.004978
44	22000000	22500000	1.711589	2.764928	0.844081
45	22500000	23000000	2.649805	2.332926	0.596171
46	23000000	23500000	3.483506	1.979688	0.281440
47	23500000	24000000	4.156473	1.432055	-0.155339
48	24000000	24500000	4.733719	1.097907	-0.385813
49	24500000	25000000	5.148790	0.832158	-0.561371
50	25000000	25500000	4.822313	1.060690	-0.753500
51	25500000	26000000	3.924836	1.231583	-0.817606
52	26000000	26500000	3.006382	1.469227	-0.729356
53	26500000	27000000	2.086793	1.591632	-0.432649
54	27000000	27500000	1.127652	1.490654	0.057297
55	27500000	28000000	0.162369	1.130314	0.411387
56	28000000	28500000	-0.883093	0.751439	0.716125
57	28500000	29000000	-1.601986	0.068864	0.929679
58	29000000	29500000	-1.845567	-0.368220	1.116328
59	29500000	30000000	-2.088874	-0.655407	1.195067
60	30000000	30500000	-2.274687	-0.729052	1.178634
61	30500000	31000000	-2.356050	-0.712235	1.117455
62	31000000	31500000	-2.425637	-0.491279	0.994983
63	31500000	32000000	-2.348089	-0.230032	0.830722
64	32000000	32500000	-2.268696	0.135394	0.627789
65	32500000	33000000	-2.201250	0.509436	0.412752
66	33000000	33500000	-2.133289	0.780228	0.264365
67	33500000	34000000	-2.085199	0.833401	0.259748
68	34000000	34500000	-2.215426	0.895551	0.323065
69	34500000	35000000	-1.298006	0.969881	0.749402
70	35000000	35500000	-0.392811	0.863243	1.167706
71	35500000	36000000	0.560714	0.594007	1.543165
72	36000000	36500000	1.535748	0.160616	1.838445
73	36500000	37000000	2.510220	-0.313552	2.154385
74	37000000	37500000	2.643949	-0.805236	2.419991
75	37500000	38000000	2.855174	-1.060866	2.405779
76	38000000	38500000	1.991621	-1.484904	2.085227
77	38500000	39000000	1.074326	-1.835970	1.811832
78	39000000	39500000	-0.018064	-1.882957	1.497420
79	39500000	40000000	-1.258152	-1.560147	1.252705
80	40000000	40500000	-2.046046	-1.454029	1.061958
81	40500000	41000000	-2.054059	-1.312030	0.885952
82	41000000	41500000	-2.012036	-1.356313	0.816094
83	41500000	42000000	-1.969420	-1.400678	0.788743
84	42000000	42500000	-1.852107	-1.326438	0.722595
85	42500000	43000000	-1.620587	-1.513093	0.726169
86	43000000	43500000	-1.195458	-1.927870	0.742455
87	43500000	44000000	-1.272037	-2.155588	0.667184
88	44000000	44500000	-0.447565	-2.201605	0.228386
89	44500000	45000000	0.358803	-2.257956	-0.231738
90	45000000	45500000	0.363374	-2.503608	-0.616228
91	45500000	46000000	0.221121	-2.643361	-0.773948
92	46000000	46500000	0.138516	-2.678769	-0.893063
93	46500000	47000000	-0.038511	-2.589220	-1.072519
94	47000000	47500000	-0.130162	-2.383688	-1.208131
95	47500000	48000000	-1.026267	-2.231487	-1.028361
96	48000000	48500000	-1.867127	-2.066775	-0.783717
97	48500000	49000000	-1.842222	-1.692748	-0.584808
98	49000000	49500000	-1.737949	-1.437973	-0.604501
99	49500000	50000000	-1.629733	-0.989417	-0.670426
100	50000000	50500000	-1.389824	-0.462769	-0.774897
101	50500000	51000000	-1.102901	0.123745	-0.949780
102	51000000	51500000	-0.859551	0.725080	-1.158549
103	51500000	52000000	-0.634205	1.318795	-1.412614
104	52000000	52500000	-0.373316	1.882299	-1.698043
105	52500000	53000000	-0.125681	2.308330	-1.939357
106	53000000	53500000	-0.001397	2.503279	-2.064039
107	53500000	54000000	-0.015392	2.404699	-2.076728
108	54000000	54500000	-0.121858	2.269089	-2.053291
109	54500000	55000000	-0.219731	2.148247	-2.042074
110	55000000	55500000	-0.364438	1.886217	-1.921086
111	55500000	56000000	-0.649116	1.540691	-1.783328
112	56000000	56500000	-0.887595	1.176993	-1.645914
113	56500000	57000000	-1.093715	0.792693	-1.571806
114	57000000	57500000	-1.220701	0.525329	-1.561951
115	57500000	58000000	-1.327737	0.168332	-1.543869
116	58000000	58500000	-1.453121	-0.301636	-1.526232
117	58500000	59000000	-1.513384	-0.578032	-1.627878
118	59000000	59500000	-1.504590	-0.614251	-1.744262
119	59500000	60000000	-1.523898	-0.540107	-1.877530
120	60000000	60500000	-1.484401	-0.497523	-2.034475
121	60500000	61000000	-1.443089	-0.425219	-2.167673
122	61000000	61500000	-1.349132	-0.240536	-2.276380
123	61500000	62000000	-1.218968	0.007099	-2.357909
124	62000000	62500000	-1.136775	0.016216	-2.280152
125	62500000	63000000	-1.010626	-0.201576	-2.231280
126	63000000	63500000	-0.888199	-0.429175	-2.256896
127	63500000	64000000	-0.721706	-0.433115	-2.238842
128	64000000	64500000	-0.564628	-0.337647	-2.260239
129	64500000	65000000	-0.431751	-0.347227	-2.286210
130	65000000	65500000	-0.336986	-0.387187	-2.250759
131	65500000	66000000	-0.232140	-0.381110	-2.304504
132	66000000	66500000	-0.186612	-0.369335	-2.352673
133	66500000	67000000	-0.098555	-0.298763	-2.294991
134	67000000	67500000	0.011327	-0.234353	-2.339013
135	67500000	68000000	0.092276	-0.333649	-2.350468
136	68000000	68500000	0.201408	-0.240140	-2.404940
137	68500000	69000000	0.363232	-0.110775	-2.562375
138	69000000	69500000	0.574737	0.240938	-2.660516
139	69500000	70000000	0.801925	0.662268	-2.706514
140	70000000	70500000	1.019634	0.901739	-2.857504
141	70500000	71000000	1.073061	0.972432	-2.768920
142	71000000	71500000	1.146055	1.041037	-2.685994
143	71500000	72000000	1.128834	0.886034	-2.482121
144	72000000	72500000	1.081139	0.785102	-2.226626
145	72500000	73000000	0.946461	0.530892	-1.968053
146	73000000	73500000	0.779402	0.121413	-1.715300
147	73500000	74000000	0.523852	-0.370491	-1.353689
148	74000000	74500000	0.386186	-0.879532	-1.138698
149	74500000	75000000	0.296153	-1.335995	-0.875281
150	75000000	75500000	0.277896	-1.660360	-0.708864
151	75500000	76000000	0.300362	-2.071199	-0.607009
152	76000000	76500000	0.377411	-2.337492	-0.579793
153	76500000	77000000	0.492401	-2.554484	-0.576814
154	77000000	77500000	0.637341	-2.532357	-0.508372
155	77500000	78000000	0.839219	-2.426181	-0.571027
156	78000000	78500000	0.993188	-2.311374	-0.588024
157	78500000	79000000	1.070372	-2.354635	-0.535911
158	79000000	79500000	1.056756	-2.389691	-0.399261
159	79500000	80000000	1.094127	-2.522596	-0.257109
160	80000000	80500000	1.111985	-2.567970	-0.058313
161	80500000	81000000	1.114830	-2.700950	0.101794
162	81000000	81500000	1.089396	-2.792109	0.397997
163	81500000	82000000	1.338277	-2.998776	0.537907
164	82000000	82500000	1.383867	-3.051429	0.629761
165	82500000	83000000	1.493864	-3.085903	0.731855
166	83000000	83500000	1.549532	-3.102335	0.855757
