# Chromosome: chr15, Resolution: 500000bp
# Generated: 2026-09-14 17:13:51
bin	start	end	x	y	z
0	0	500000	-3.841586	1.835945	-4.897613
1	500000	1000000	-3.483606	2.124644	-4.999452
2	1000000	1500000	-3.103097	2.240292	-5.150980
3	1500000	2000000	-2.717427	2.207026	-5.322040
4	2000000	2500000	-2.047041	2.243410	-5.609994
5	2500000	3000000	-1.494456	2.102355	-5.868751
6	3000000	3500000	-1.224933	1.751722	-6.058090
7	3500000	4000000	-1.394196	1.075839	-6.035189
8	4000000	4500000	-1.810105	0.395148	-5.856505
9	4500000	5000000	-2.459943	-0.096179	-5.481724
10	5000000	5500000	-3.297162	-0.390787	-4.912345
11	5500000	6000000	-4.238968	-0.612137	-4.194775
12	6000000	6500000	-5.119021	-0.889831	-3.394237
13	6500000	7000000	-5.774401	-1.231881	-2.638225
14	7000000	7500000	-6.017397	-1.478675	-2.160598
15	7500000	8000000	-6.041153	-1.824285	-1.906320
16	8000000	8500000	-5.850662	-2.329915	-1.891674
17	8500000	9000000	-5.475369	-2.928457	-2.116251
18	9000000	9500000	-4.935802	-3.458062	-2.545182
19	9500000	10000000	-4.255510	-3.815060	-3.129033
20	10000000	10500000	-3.449500	-4.002934	-3.772751
21	10500000	11000000	-2.528230	-3.988967	-4.401050
22	11000000	11500000	-1.608884	-3.768277	-4.963950
23	11500000	12000000	-0.857989	-3.435286	-5.437648
24	12000000	12500000	-0.465507	-3.098783	-5.785209
25	12500000	13000000	-0.399769	-2.718196	-5.989620
26	13000000	13500000	-0.611165	-2.182238	-6.068171
27	13500000	14000000	-1.216445	-1.253375	-5.791745
28	14000000	14500000	-2.049452	-0.346927	-5.354966
29	14500000	15000000	-3.032745	0.438444	-4.748536
30	15000000	15500000	-3.990400	1.171458	-3.959439
31	15500000	16000000	-4.651535	1.977223	-3.030359
32	16000000	16500000	-5.258412	2.498499	-2.108980
33	16500000	17000000	-5.761457	2.701187	-1.224248
34	17000000	17500000	-6.043727	2.434735	-0.657869
35	17500000	18000000	-6.017030	2.661732	-0.351586
36	18000000	18500000	-5.551372	2.969269	0.035138
37	18500000	19000000	-4.850331	3.153793	0.278276
38	19000000	19500000	-4.215014	3.421411	0.029414
39	19500000	20000000	-3.641778	3.871307	-0.497837
40	20000000	20500000	-3.073723	4.481043	-1.005543
41	20500000	21000000	-2.190710	5.118773	-1.138743
42	21000000	21500000	-1.098201	4.872422	-1.165734
43	21500000	22000000	-0.638723	4.825366	-1.233903
44	22000000	22500000	-0.470036	4.739766	-1.191358
45	22500000	23000000	-0.310547	4.601528	-0.801370
46	23000000	23500000	0.085860	4.426342	-0.148153
47	23500000	24000000	0.597436	4.149491	0.386363
48	24000000	24500000	0.757106	3.902704	0.606318
49	24500000	25000000	0.435257	4.035995	0.911761
50	25000000	25500000	0.385180	3.906710	1.037276
51	25500000	26000000	0.435645	3.916981	1.051150
52	26000000	26500000	0.540821	3.878915	0.992251
53	26500000	27000000	0.820365	4.040395	0.406198
54	27000000	27500000	0.959983	4.179445	0.092662
55	27500000	28000000	0.966074	4.370342	-0.681644
56	28000000	28500000	1.008386	4.429665	-1.587013
57	28500000	29000000	1.169288	4.321080	-2.534359
58	29000000	29500000	1.502453	4.081017	-3.477146
59	29500000	30000000	1.853227	3.658574	-4.383124
60	30000000	30500000	1.994250	2.990076	-4.838863
61	30500000	31000000	2.221308	2.388920	-5.460869
62	31000000	31500000	2.717253	2.034303	-5.252763
63	31500000	32000000	2.829803	1.616046	-4.541055
64	32000000	32500000	2.777811	1.312354	-3.753319
65	32500000	33000000	2.667728	1.077349	-3.020507
66	33000000	33500000	2.508760	1.070370	-2.229637
67	33500000	34000000	2.381942	1.266803	-1.360525
68	34000000	34500000	2.175661	1.588197	-0.432554
69	34500000	35000000	1.928239	1.694986	0.140280
70	35000000	35500000	2.009199	1.781339	0.277639
71	35500000	36000000	2.101811	1.976834	0.372794
72	36000000	36500000	2.040512	2.264425	0.554218
73	36500000	37000000	2.092241	2.283518	0.636366
74	37000000	37500000	2.087425	2.194854	0.671423
75	37500000	38000000	2.106190	2.055799	0.614854
76	38000000	38500000	2.143529	1.710101	0.487345
77	38500000	39000000	2.285439	1.393633	0.322264
78	39000000	39500000	2.478297	0.928703	0.094188
79	39500000	40000000	2.711626	0.334416	-0.182057
80	40000000	40500000	2.777870	-0.050494	-0.391941
81	40500000	41000000	2.870137	-0.393758	-0.557445
82	41000000	41500000	3.045576	-0.758443	-0.659548
83	41500000	42000000	3.162876	-1.046004	-0.716158
84	42000000	42500000	3.214496	-1.182567	-0.698202
85	42500000	43000000	3.137922	-1.191806	-0.562122
86	43000000	43500000	3.203934	-1.073719	-0.496650
87	43500000	44000000	3.094898	-0.866054	-0.280126
88	44000000	44500000	2.859023	-0.458475	0.025503
89	44500000	45000000	2.568761	0.108112	0.360176
90	45000000	45500000	2.313177	0.712414	0.672847
91	45500000	46000000	2.033248	1.279612	0.976504
92	46000000	46500000	1.806281	1.669110	1.214010
93	46500000	47000000	1.515671	1.926063	1.482658
94	47000000	47500000	1.526371	1.989288	1.577859
95	47500000	48000000	1.702569	1.883197	1.613176
96	48000000	48500000	1.854623	1.705860	1.622845
97	48500000	49000000	1.999939	1.394326	1.530483
98	49000000	49500000	2.242273	0.947388	1.412061
99	49500000	50000000	2.427285	0.697470	1.362262
100	50000000	50500000	2.574239	0.493549	1.337228
101	50500000	51000000	2.623641	0.331861	1.337743
102	51000000	51500000	2.524007	0.290095	1.400237
103	51500000	52000000	2.366601	0.274038	1.434196
104	52000000	52500000	2.200374	0.399977	1.617144
105	52500000	53000000	1.953237	0.689316	1.873403
106	53000000	53500000	1.817966	0.882853	2.059787
107	53500000	54000000	1.635552	1.011253	2.196765
108	54000000	54500000	1.535101	1.129768	2.347289
109	54500000	55000000	1.601308	1.072516	2.390725
110	55000000	55500000	1.799634	0.790679	2.386473
111	55500000	56000000	1.931732	0.457874	2.312007
112	56000000	56500000	1.978489	0.169551	2.246952
113	56500000	57000000	2.111803	-0.231227	2.185992
114	57000000	57500000	2.284597	-0.538464	2.089458
115	57500000	58000000	2.368239	-0.838686	1.935348
116	58000000	58500000	2.333438	-1.037383	1.872588
117	58500000	59000000	2.232522	-1.122013	1.847021
118	59000000	59500000	2.206925	-1.229986	1.834003
119	59500000	60000000	2.128362	-1.254777	1.810368
120	60000000	60500000	1.984475	-1.202415	1.749008
121	60500000	61000000	1.781158	-1.126723	1.728410
122	61000000	61500000	1.662982	-1.094787	1.719477
123	61500000	62000000	1.692838	-1.245510	1.586496
124	62000000	62500000	1.825558	-1.493227	1.315481
125	62500000	63000000	1.887870	-1.716218	1.043463
126	63000000	63500000	2.029081	-2.142435	0.692446
127	63500000	64000000	2.133423	-2.456123	0.392717
128	64000000	64500000	2.262581	-2.788900	0.120832
129	64500000	65000000	2.253258	-3.182564	-0.199437
130	65000000	65500000	2.163708	-3.297756	-0.349008
131	65500000	66000000	1.976556	-3.308645	-0.380355
132	66000000	66500000	1.858015	-3.283484	-0.292802
133	66500000	67000000	1.775609	-3.179602	-0.218736
134	67000000	67500000	1.544811	-3.052193	-0.145204
135	67500000	68000000	1.330100	-2.912616	-0.011988
136	68000000	68500000	1.150929	-2.622391	0.135319
137	68500000	69000000	0.983559	-2.591928	0.141139
138	69000000	69500000	0.798752	-2.452224	0.194781
139	69500000	70000000	0.531376	-2.223779	0.141085
140	70000000	70500000	0.345651	-2.078401	0.148428
141	70500000	71000000	0.408968	-2.098779	0.227794
142	71000000	71500000	0.317501	-2.074811	0.264582
143	71500000	72000000	0.242339	-2.084311	0.339639
144	72000000	72500000	0.256928	-2.035782	0.458005
145	72500000	73000000	0.297578	-2.229504	0.466742
146	73000000	73500000	0.445916	-2.536076	0.459854
147	73500000	74000000	0.514201	-2.818168	0.446876
148	74000000	74500000	0.472994	-2.988869	0.436002
149	74500000	75000000	0.561188	-3.127143	0.518652
150	75000000	75500000	0.694775	-3.236874	0.667806
151	75500000	76000000	0.722839	-3.314930	0.741450
152	76000000	76500000	0.662765	-3.332140	0.850350
153	76500000	77000000	0.572600	-3.323377	0.986313
154	77000000	77500000	0.478345	-3.232546	1.123091
155	77500000	78000000	0.340099	-3.067600	1.233711
156	78000000	78500000	0.177140	-2.955230	1.282268
157	78500000	79000000	0.063626	-2.870497	1.323931
158	79000000	79500000	-0.112652	-2.717643	1.392429
159	79500000	80000000	-0.175664	-2.473468	1.505381
160	80000000	80500000	-0.383073	-2.217547	1.664773
161	80500000	81000000	-0.606386	-2.164642	1.793739
162	81000000	81500000	-0.726948	-2.179889	1.867671
163	81500000	82000000	-0.702000	-2.107518	1.975349
164	82000000	82500000	-0.750334	-1.976921	2.086497
165	82500000	83000000	-1.008184	-2.102598	2.161523
166	83000000	83500000	-1.002230	-2.214016	2.254144
167	83500000	84000000	-0.809591	-2.267804	2.364049
168	84000000	84500000	-0.604512	-1.959760	2.484680
169	84500000	85000000	-0.494281	-1.536411	2.676737
170	85000000	85500000	-0.538126	-1.165851	2.839829
171	85500000	86000000	-0.593152	-0.834333	2.971024
172	86000000	86500000	-0.338846	-0.290036	3.076368
173	86500000	87000000	-0.352413	0.096447	3.080539
174	87000000	87500000	-0.399066	0.278918	3.037564
175	87500000	88000000	-0.391012	0.137374	3.025146
176	88000000	88500000	-0.322226	-0.242601	2.959810
177	88500000	89000000	-0.186310	-0.774371	2.857199
178	89000000	89500000	0.009510	-1.217465	2.773575
179	89500000	90000000	-0.004354	-1.473953	2.773939
180	90000000	90500000	-0.103400	-1.580746	2.849347
181	90500000	91000000	-0.201576	-1.514302	2.883551
182	91000000	91500000	-0.294134	-1.415266	2.935897
183	91500000	92000000	-0.475003	-1.073700	3.012936
184	92000000	92500000	-0.745674	-0.567339	3.104943
185	92500000	93000000	-0.979412	-0.169512	3.103214
186	93000000	93500000	-1.112353	0.116536	3.099687
187	93500000	94000000	-1.156376	0.357401	3.121979
188	94000000	94500000	-1.236668	0.488228	3.092127
189	94500000	95000000	-1.402404	0.702522	3.040838
190	95000000	95500000	-1.494144	0.873852	2.958365
191	95500000	96000000	-1.540266	1.002364	2.948570
192	96000000	96500000	-1.641864	1.174529	2.965371
193	96500000	97000000	-1.664861	1.184332	2.945498
194	97000000	97500000	-1.638856	1.061476	2.814347
195	97500000	98000000	-1.645330	0.889440	2.708474
196	98000000	98500000	-1.630427	0.660437	2.652812
197	98500000	99000000	-1.643102	0.465435	2.617915
198	99000000	99500000	-1.614393	0.166459	2.418180
199	99500000	100000000	-1.563902	-0.148045	2.183567
200	100000000	100500000	-1.652794	-0.439989	2.100070
201	100500000	101000000	-1.717531	-0.560431	2.067609
202	101000000	101500000	-1.770771	-0.564804	2.082760
203	101500000	102000000	-1.806878	-0.453687	1.991255
