# Chromosome: chr4, Resolution: 500000bp
# Generated: 2026-08-12 15:21:48
bin	start	end	x	y	z
0	0	500000	-3.775501	0.596093	-0.848596
1	500000	1000000	-3.781297	0.495750	-0.771714
2	1000000	1500000	-3.800442	0.404486	-0.679941
3	1500000	2000000	-3.779659	0.282439	-0.639588
4	2000000	2500000	-3.816314	0.159885	-0.572093
5	2500000	3000000	-3.737233	0.042418	-0.589817
6	3000000	3500000	-3.625144	-0.134330	-0.670113
7	3500000	4000000	-3.496143	-0.241629	-0.834319
8	4000000	4500000	-3.382764	-0.361937	-0.968269
9	4500000	5000000	-3.263772	-0.471307	-1.109015
10	5000000	5500000	-3.205233	-0.528005	-1.175892
11	5500000	6000000	-3.111819	-0.630786	-1.249674
12	6000000	6500000	-3.094814	-0.639471	-1.369104
13	6500000	7000000	-3.087946	-0.694724	-1.424559
14	7000000	7500000	-3.036704	-0.739704	-1.514905
15	7500000	8000000	-3.058988	-0.565571	-1.657628
16	8000000	8500000	-2.991743	-0.589681	-1.738046
17	8500000	9000000	-2.789188	-0.652487	-1.835442
18	9000000	9500000	-2.644789	-0.754125	-1.832368
19	9500000	10000000	-2.532982	-0.829471	-1.875359
20	10000000	10500000	-2.339891	-0.833954	-2.047501
21	10500000	11000000	-2.139123	-0.799798	-2.219753
22	11000000	11500000	-1.926053	-0.944530	-2.328180
23	11500000	12000000	-1.850813	-0.884359	-2.498097
24	12000000	12500000	-1.829306	-0.761651	-2.742555
25	12500000	13000000	-1.754013	-0.691309	-2.928153
26	13000000	13500000	-1.688677	-0.700111	-2.968236
27	13500000	14000000	-1.710895	-0.754008	-2.901842
28	14000000	14500000	-1.852999	-0.859884	-2.751506
29	14500000	15000000	-1.900690	-0.971528	-2.635409
30	15000000	15500000	-1.797571	-1.055928	-2.628436
31	15500000	16000000	-1.746459	-1.131019	-2.607467
32	16000000	16500000	-1.823518	-1.054313	-2.611994
33	16500000	17000000	-1.712567	-1.074038	-2.637054
34	17000000	17500000	-1.528590	-1.105310	-2.731987
35	17500000	18000000	-1.240280	-0.998987	-2.935224
36	18000000	18500000	-0.936953	-0.921981	-3.111566
37	18500000	19000000	-0.830548	-0.907038	-3.152428
38	19000000	19500000	-0.726052	-0.952539	-3.138127
39	19500000	20000000	-0.463013	-1.076734	-3.179396
40	20000000	20500000	-0.358489	-1.047936	-3.267482
41	20500000	21000000	-0.373700	-1.076211	-3.198535
42	21000000	21500000	-0.431688	-1.162269	-3.159020
43	21500000	22000000	-0.449827	-1.217952	-3.120513
44	22000000	22500000	-0.353341	-1.247564	-3.160724
45	22500000	23000000	-0.393454	-1.319792	-3.145775
46	23000000	23500000	-0.577757	-1.426302	-3.035311
47	23500000	24000000	-0.817114	-1.524529	-2.809914
48	24000000	24500000	-0.976866	-1.569798	-2.687274
49	24500000	25000000	-1.139355	-1.685261	-2.467933
50	25000000	25500000	-1.362686	-1.835950	-2.265411
51	25500000	26000000	-1.477451	-1.974245	-2.095595
52	26000000	26500000	-1.438368	-2.067641	-1.987907
53	26500000	27000000	-1.224330	-2.064097	-2.008006
54	27000000	27500000	-0.822670	-2.056928	-2.208750
55	27500000	28000000	-0.495615	-2.058365	-2.356135
56	28000000	28500000	-0.096285	-2.012705	-2.538355
57	28500000	29000000	0.088331	-2.007196	-2.630072
58	29000000	29500000	0.140807	-2.015934	-2.603038
59	29500000	30000000	0.216992	-2.011883	-2.630061
60	30000000	30500000	0.344167	-1.999587	-2.662944
61	30500000	31000000	0.313633	-2.042659	-2.569616
62	31000000	31500000	0.304417	-2.089065	-2.493611
63	31500000	32000000	0.336160	-2.150962	-2.439252
64	32000000	32500000	0.623894	-2.088963	-2.481007
65	32500000	33000000	0.762067	-2.111872	-2.485335
66	33000000	33500000	1.074209	-1.890499	-2.632157
67	33500000	34000000	0.995843	-1.918004	-2.532155
68	34000000	34500000	0.907858	-2.006649	-2.453313
69	34500000	35000000	0.677554	-1.980565	-2.284954
70	35000000	35500000	0.365885	-2.047447	-2.065025
71	35500000	36000000	-0.024289	-2.123574	-1.842121
72	36000000	36500000	-0.442821	-2.068339	-1.645967
73	36500000	37000000	-1.058159	-2.181439	-1.206025
74	37000000	37500000	-1.460953	-2.112910	-0.942678
75	37500000	38000000	-1.944372	-1.920803	-0.648107
76	38000000	38500000	-2.283529	-1.758974	-0.449057
77	38500000	39000000	-2.513125	-1.649088	-0.245791
78	39000000	39500000	-2.747713	-1.581456	-0.050383
79	39500000	40000000	-2.735794	-1.597422	0.010335
80	40000000	40500000	-2.647896	-1.778687	-0.038050
81	40500000	41000000	-2.496108	-1.944045	-0.130055
82	41000000	41500000	-2.204876	-2.148648	-0.315361
83	41500000	42000000	-1.422144	-2.338571	-0.645335
84	42000000	42500000	-0.782486	-2.434312	-0.947201
85	42500000	43000000	-0.197275	-2.520270	-1.264308
86	43000000	43500000	0.295578	-2.599938	-1.511511
87	43500000	44000000	0.608148	-2.613420	-1.693605
88	44000000	44500000	0.978756	-2.646179	-1.839541
89	44500000	45000000	1.219484	-2.753045	-1.898337
90	45000000	45500000	0.906190	-2.901578	-1.814678
91	45500000	46000000	0.570103	-3.011376	-1.680575
92	46000000	46500000	0.096080	-3.073100	-1.450720
93	46500000	47000000	-0.326314	-2.959502	-1.192433
94	47000000	47500000	-0.693089	-2.862235	-0.988223
95	47500000	48000000	-0.495664	-2.599316	-1.154598
96	48000000	48500000	-0.125854	-2.156859	-1.382948
97	48500000	49000000	-0.656918	-1.499122	-1.035694
98	49000000	49500000	-1.167446	-0.876917	-0.730014
99	49500000	50000000	-0.381916	-0.605219	-0.950852
100	50000000	50500000	-0.621274	-0.548071	-0.760380
101	50500000	51000000	-0.454700	-0.628945	-0.713337
102	51000000	51500000	-1.016160	-0.793224	-0.252914
103	51500000	52000000	-1.727294	-1.129496	0.251799
104	52000000	52500000	-1.334367	-1.616339	0.127977
105	52500000	53000000	-0.959181	-2.198308	0.011170
106	53000000	53500000	-1.537145	-2.522599	0.332064
107	53500000	54000000	-1.118087	-2.677411	0.195732
108	54000000	54500000	-1.161292	-2.627835	0.305502
109	54500000	55000000	-1.082328	-2.691726	0.347682
110	55000000	55500000	-0.915821	-2.643416	0.353197
111	55500000	56000000	-0.730268	-2.694023	0.401625
112	56000000	56500000	-0.395236	-2.738555	0.322012
113	56500000	57000000	-0.253716	-2.703141	0.319527
114	57000000	57500000	-0.108410	-2.790559	0.393121
115	57500000	58000000	0.145486	-2.886192	0.346125
116	58000000	58500000	0.377847	-2.879894	0.303510
117	58500000	59000000	0.722858	-2.871697	0.215452
118	59000000	59500000	0.921801	-2.911659	0.144419
119	59500000	60000000	1.019629	-2.864656	0.135708
120	60000000	60500000	1.258707	-2.866886	0.044089
121	60500000	61000000	1.450154	-2.813765	-0.084879
122	61000000	61500000	1.507017	-2.745098	-0.107849
123	61500000	62000000	1.586859	-2.781039	-0.095925
124	62000000	62500000	1.581906	-2.821058	-0.063054
125	62500000	63000000	1.605258	-2.837338	-0.003246
126	63000000	63500000	1.621680	-2.820488	0.090520
127	63500000	64000000	1.486296	-2.710213	0.246014
128	64000000	64500000	1.479962	-2.632724	0.343984
129	64500000	65000000	1.548970	-2.587461	0.443952
130	65000000	65500000	1.486133	-2.535765	0.572095
131	65500000	66000000	1.383632	-2.493493	0.723423
132	66000000	66500000	1.140873	-2.340070	0.830033
133	66500000	67000000	1.338943	-2.227560	0.688777
134	67000000	67500000	0.589436	-1.821012	0.843432
135	67500000	68000000	-0.127290	-1.591340	1.034305
136	68000000	68500000	-0.194941	-1.600106	1.089382
137	68500000	69000000	0.055132	-1.550030	0.906296
138	69000000	69500000	-0.001275	-1.635644	1.002862
139	69500000	70000000	0.377521	-1.687160	0.787674
140	70000000	70500000	-0.016322	-1.786744	1.077977
141	70500000	71000000	0.911936	-2.241639	0.880355
142	71000000	71500000	1.347438	-2.609734	0.897139
143	71500000	72000000	1.079101	-2.651868	0.983885
144	72000000	72500000	0.518615	-2.636534	1.239186
145	72500000	73000000	0.337406	-2.559235	1.272321
146	73000000	73500000	-0.151337	-2.601410	1.547282
147	73500000	74000000	-0.338406	-2.431672	1.560859
148	74000000	74500000	-1.001192	-2.253903	1.744278
149	74500000	75000000	-1.258368	-1.968978	1.705215
150	75000000	75500000	-1.347227	-1.746203	1.664466
151	75500000	76000000	-1.424972	-1.684355	1.670253
152	76000000	76500000	-1.629767	-1.578551	1.666236
153	76500000	77000000	-1.675289	-1.462808	1.711311
154	77000000	77500000	-1.854271	-1.472867	1.836095
155	77500000	78000000	-1.741383	-1.554334	1.946802
156	78000000	78500000	-1.614174	-1.634482	2.058113
157	78500000	79000000	-1.663965	-1.624520	2.205178
158	79000000	79500000	-1.682043	-1.592018	2.355625
159	79500000	80000000	-1.567863	-1.588920	2.452955
160	80000000	80500000	-1.493411	-1.623085	2.502752
161	80500000	81000000	-1.302197	-1.639714	2.498353
162	81000000	81500000	-1.376171	-1.494532	2.472707
163	81500000	82000000	-1.572704	-1.293327	2.433126
164	82000000	82500000	-1.285386	-1.396412	2.368618
165	82500000	83000000	-0.946814	-1.505570	2.328066
166	83000000	83500000	-0.685099	-1.582644	2.290146
167	83500000	84000000	-0.547546	-1.527500	2.262352
168	84000000	84500000	-0.486117	-1.454916	2.263783
169	84500000	85000000	-0.159681	-1.570999	2.280586
170	85000000	85500000	-0.135007	-1.558025	2.337325
171	85500000	86000000	-0.292820	-1.401314	2.342372
172	86000000	86500000	-0.307835	-1.240109	2.249014
173	86500000	87000000	-0.407281	-1.103068	2.256475
174	87000000	87500000	-0.501714	-1.063816	2.406028
175	87500000	88000000	-0.415136	-1.120746	2.417043
176	88000000	88500000	-0.393152	-1.117836	2.537449
177	88500000	89000000	0.157042	-1.304685	2.584777
178	89000000	89500000	0.573613	-1.465318	2.520973
179	89500000	90000000	0.800953	-1.521231	2.576470
180	90000000	90500000	1.212583	-1.585329	2.526828
181	90500000	91000000	1.655738	-1.650620	2.362991
182	91000000	91500000	2.006905	-1.639774	2.278681
183	91500000	92000000	2.243742	-1.566573	2.073355
184	92000000	92500000	2.342728	-1.478400	1.931143
185	92500000	93000000	2.270479	-1.378270	2.001721
186	93000000	93500000	2.157889	-1.275824	1.947981
187	93500000	94000000	2.136801	-1.153238	1.849470
188	94000000	94500000	2.194956	-1.094414	1.647652
189	94500000	95000000	2.290492	-1.054951	1.473565
190	95000000	95500000	2.415342	-1.028577	1.347456
191	95500000	96000000	2.481729	-1.051678	1.236830
192	96000000	96500000	2.770347	-1.030764	0.956398
193	96500000	97000000	3.012017	-1.025232	0.864487
194	97000000	97500000	2.842207	-1.060195	0.949473
195	97500000	98000000	2.653362	-0.976255	1.130413
196	98000000	98500000	2.285264	-0.906579	1.429138
197	98500000	99000000	2.033209	-0.854256	1.694792
198	99000000	99500000	1.849471	-0.763737	1.951695
199	99500000	100000000	1.225681	-0.653131	2.383691
200	100000000	100500000	0.996601	-0.585486	2.540256
201	100500000	101000000	0.901911	-0.441958	2.612983
202	101000000	101500000	0.416121	-0.290411	2.744970
203	101500000	102000000	0.404242	-0.213775	2.840121
204	102000000	102500000	0.481857	-0.154801	2.782937
205	102500000	103000000	0.060650	0.014050	2.793275
206	103000000	103500000	-0.052518	0.151667	2.723587
207	103500000	104000000	-0.442599	0.277998	2.727493
208	104000000	104500000	-0.661492	0.353086	2.758936
209	104500000	105000000	-0.441084	0.303202	2.870761
210	105000000	105500000	-0.168286	0.298077	2.674340
211	105500000	106000000	-0.204094	0.304047	2.725153
212	106000000	106500000	-0.132023	0.295898	2.780760
213	106500000	107000000	0.036949	0.283301	2.861821
214	107000000	107500000	0.260056	0.225122	2.868309
215	107500000	108000000	0.324679	0.281821	2.918659
216	108000000	108500000	0.242405	0.345679	2.801999
217	108500000	109000000	-0.180111	0.455010	2.872470
218	109000000	109500000	-0.307499	0.567075	2.900529
219	109500000	110000000	-0.017001	0.596471	2.914509
220	110000000	110500000	0.101297	0.613767	2.902902
221	110500000	111000000	0.019856	0.745220	2.901755
222	111000000	111500000	0.039015	0.792212	2.860588
223	111500000	112000000	0.111445	0.839615	2.877743
224	112000000	112500000	0.019289	0.909894	2.845564
225	112500000	113000000	0.119049	0.891003	2.851630
226	113000000	113500000	0.139285	0.900226	2.743328
227	113500000	114000000	0.233107	0.899497	2.600440
228	114000000	114500000	0.397968	0.859302	2.579080
229	114500000	115000000	0.696539	0.803073	2.522532
230	115000000	115500000	0.974518	0.812178	2.402488
231	115500000	116000000	1.484109	0.730411	2.367250
232	116000000	116500000	1.630119	0.795276	2.315943
233	116500000	117000000	1.732272	0.894043	2.325262
234	117000000	117500000	1.664303	0.982686	2.409945
235	117500000	118000000	1.768109	1.060324	2.369474
236	118000000	118500000	1.773184	1.122137	2.257379
237	118500000	119000000	1.973472	1.045050	2.149916
238	119000000	119500000	1.882966	1.097492	2.095777
239	119500000	120000000	1.655258	1.124038	1.970698
240	120000000	120500000	1.457572	1.100221	1.857522
241	120500000	121000000	1.501193	1.142700	1.786599
242	121000000	121500000	1.347657	1.136828	1.770959
243	121500000	122000000	1.149372	1.130555	1.764134
244	122000000	122500000	0.836523	1.374775	1.894206
245	122500000	123000000	0.854094	1.515932	1.923934
246	123000000	123500000	1.101624	1.555047	1.934376
247	123500000	124000000	1.365389	1.562524	1.894716
248	124000000	124500000	1.595606	1.493750	1.736059
249	124500000	125000000	1.923731	1.479555	1.620186
250	125000000	125500000	2.337377	1.473264	1.563399
251	125500000	126000000	2.577104	1.459686	1.447041
252	126000000	126500000	2.317803	1.514790	1.564776
253	126500000	127000000	1.907823	1.658178	1.645584
254	127000000	127500000	1.561679	1.745117	1.712021
255	127500000	128000000	1.456408	1.795183	1.660620
256	128000000	128500000	1.508684	1.831040	1.569107
257	128500000	129000000	1.480794	1.835892	1.473141
258	129000000	129500000	1.537086	1.702645	1.320511
259	129500000	130000000	1.963571	1.455023	0.825101
260	130000000	130500000	2.484943	1.176663	0.390418
261	130500000	131000000	2.865501	1.096480	0.092098
262	131000000	131500000	2.905605	1.077404	0.034428
263	131500000	132000000	2.860152	1.106950	0.034752
264	132000000	132500000	2.883808	1.091421	-0.065101
265	132500000	133000000	2.881130	1.140358	-0.105284
266	133000000	133500000	2.851924	1.240709	0.004269
267	133500000	134000000	2.789937	1.295489	0.065545
268	134000000	134500000	2.834417	1.207162	-0.013438
269	134500000	135000000	2.930443	1.149185	-0.120744
270	135000000	135500000	2.891284	1.200161	-0.145289
271	135500000	136000000	2.647014	1.332433	-0.006841
272	136000000	136500000	2.343286	1.568621	0.186787
273	136500000	137000000	1.910056	1.671460	0.381748
274	137000000	137500000	1.564273	1.839789	0.548169
275	137500000	138000000	1.000507	2.004727	0.822807
276	138000000	138500000	0.468185	2.141645	1.058518
277	138500000	139000000	-0.051967	2.157254	1.240571
278	139000000	139500000	-0.492993	2.192549	1.353719
279	139500000	140000000	-0.878336	2.120523	1.403691
280	140000000	140500000	-1.015321	2.236160	1.437670
281	140500000	141000000	-1.218906	2.314925	1.539345
282	141000000	141500000	-1.405298	2.364360	1.531526
283	141500000	142000000	-1.514402	2.497327	1.508371
284	142000000	142500000	-1.580193	2.627729	1.418781
285	142500000	143000000	-1.602607	2.748710	1.286258
286	143000000	143500000	-0.970115	2.530131	0.830931
287	143500000	144000000	-1.075539	2.492942	0.736315
288	144000000	144500000	-1.165678	2.426210	0.649102
289	144500000	145000000	-1.028053	2.431619	0.535895
290	145000000	145500000	-0.836747	2.424901	0.522964
291	145500000	146000000	-0.712816	2.406793	0.528764
292	146000000	146500000	-0.709774	2.356983	0.476955
293	146500000	147000000	-1.092849	2.630945	0.794887
294	147000000	147500000	-0.707609	2.685107	0.762917
295	147500000	148000000	-0.343120	2.751896	0.692085
296	148000000	148500000	-0.033319	2.858397	0.716134
297	148500000	149000000	-0.017627	2.808386	0.634816
298	149000000	149500000	0.000109	2.746259	0.585738
299	149500000	150000000	0.161095	2.681774	0.629315
300	150000000	150500000	0.038720	2.593681	0.612657
301	150500000	151000000	-0.383987	2.492317	0.602440
302	151000000	151500000	-0.816726	2.446412	0.607712
303	151500000	152000000	-1.234455	2.314035	0.592059
304	152000000	152500000	-1.235695	2.359516	0.556356
305	152500000	153000000	-1.076661	2.470286	0.564088
306	153000000	153500000	-0.963539	2.580963	0.515471
307	153500000	154000000	-0.743033	2.719767	0.471820
308	154000000	154500000	-0.480936	2.901933	0.421260
309	154500000	155000000	-0.097351	2.995268	0.341059
310	155000000	155500000	0.456922	3.111171	0.265450
311	155500000	156000000	0.718760	3.155210	0.193115
312	156000000	156500000	0.896039	3.061589	0.041131
313	156500000	157000000	1.032676	3.021309	-0.038241
314	157000000	157500000	1.029319	3.015748	-0.117205
315	157500000	158000000	1.095909	2.941970	-0.167298
316	158000000	158500000	1.303216	2.906167	-0.320408
317	158500000	159000000	1.355674	2.847089	-0.512194
318	159000000	159500000	1.459364	2.690868	-0.632563
319	159500000	160000000	1.517013	2.619985	-0.786442
320	160000000	160500000	1.723289	2.494252	-0.987810
321	160500000	161000000	1.925168	2.361455	-1.150392
322	161000000	161500000	2.154893	2.317460	-1.280579
323	161500000	162000000	2.009629	2.336309	-1.258653
324	162000000	162500000	1.879673	2.321831	-1.233108
325	162500000	163000000	1.897018	2.279829	-1.385855
326	163000000	163500000	1.845194	2.307421	-1.347049
327	163500000	164000000	1.575109	2.318607	-1.216305
328	164000000	164500000	1.559026	2.234575	-1.307869
329	164500000	165000000	1.504532	2.144816	-1.418186
330	165000000	165500000	1.549640	1.994973	-1.560265
331	165500000	166000000	1.631194	1.863482	-1.785994
332	166000000	166500000	1.565743	1.842746	-1.860760
333	166500000	167000000	1.552241	1.774326	-2.025755
334	167000000	167500000	1.505123	1.846547	-2.074338
335	167500000	168000000	1.032812	2.010799	-1.836932
336	168000000	168500000	0.836695	2.083352	-1.664832
337	168500000	169000000	0.750402	2.211236	-1.596322
338	169000000	169500000	0.547744	2.407678	-1.391405
339	169500000	170000000	0.472613	2.365042	-1.483120
340	170000000	170500000	0.375705	2.372312	-1.519256
341	170500000	171000000	0.469682	2.343147	-1.673609
342	171000000	171500000	0.787859	2.274337	-1.864038
343	171500000	172000000	0.612675	2.367742	-1.928471
344	172000000	172500000	0.592514	2.355462	-1.997258
345	172500000	173000000	0.562498	2.374027	-2.056677
346	173000000	173500000	0.458388	2.532620	-1.801285
347	173500000	174000000	0.480270	2.532241	-1.831546
348	174000000	174500000	0.443758	2.488758	-1.946172
349	174500000	175000000	0.333915	2.501156	-1.935116
350	175000000	175500000	0.525675	2.433246	-2.091808
351	175500000	176000000	0.422303	2.477708	-2.026081
352	176000000	176500000	0.419628	2.395908	-2.161382
353	176500000	177000000	0.330689	2.419844	-2.300820
354	177000000	177500000	0.170263	2.487099	-2.265329
355	177500000	178000000	0.052937	2.566969	-2.120171
356	178000000	178500000	-0.044735	2.620298	-2.119316
357	178500000	179000000	-0.138734	2.661905	-2.006696
358	179000000	179500000	-0.202840	2.620989	-2.068990
359	179500000	180000000	-0.300072	2.608452	-2.017683
360	180000000	180500000	-0.430697	2.611597	-1.920077
361	180500000	181000000	-0.547324	2.670456	-1.791271
362	181000000	181500000	-0.723951	2.687293	-1.708515
363	181500000	182000000	-0.809114	2.636195	-1.617763
364	182000000	182500000	-0.968867	2.580708	-1.560353
365	182500000	183000000	-1.182160	2.520156	-1.393689
366	183000000	183500000	-1.360978	2.524176	-1.172064
367	183500000	184000000	-1.441103	2.520153	-0.986186
368	184000000	184500000	-1.453813	2.492002	-0.868941
369	184500000	185000000	-1.388477	2.471685	-0.833053
370	185000000	185500000	-1.417664	2.473461	-1.043576
371	185500000	186000000	-1.367957	2.426954	-1.271640
372	186000000	186500000	-1.328117	2.442157	-1.486392
373	186500000	187000000	-1.354978	2.430469	-1.695811
374	187000000	187500000	-1.344347	2.402066	-1.996359
375	187500000	188000000	-1.397929	2.401186	-2.176284
376	188000000	188500000	-0.785869	1.975399	-2.382208
377	188500000	189000000	-0.111169	1.569116	-2.401377
378	189000000	189500000	0.062744	1.453212	-2.375317
379	189500000	190000000	0.405236	1.287931	-2.390457
380	190000000	190500000	1.000296	1.021534	-2.453070
