# Chromosome: chr13, Resolution: 500000bp
# Generated: 2026-08-26 10:18:15
bin	start	end	x	y	z
0	0	500000	4.825450	-2.503414	-0.783680
1	500000	1000000	4.723812	-2.565331	-1.112758
2	1000000	1500000	4.581145	-2.739982	-1.278060
3	1500000	2000000	4.444945	-2.939844	-1.296375
4	2000000	2500000	4.265311	-3.179126	-1.415494
5	2500000	3000000	4.064559	-3.440197	-1.339139
6	3000000	3500000	3.834678	-3.727563	-1.004311
7	3500000	4000000	3.611642	-3.994800	-0.417956
8	4000000	4500000	3.460675	-4.122134	0.301161
9	4500000	5000000	3.464161	-3.926102	1.055160
10	5000000	5500000	3.571378	-3.588222	1.652557
11	5500000	6000000	3.710992	-3.269047	2.046798
12	6000000	6500000	3.803495	-3.034627	2.330084
13	6500000	7000000	3.726028	-2.852292	2.695150
14	7000000	7500000	3.620971	-2.633294	3.030114
15	7500000	8000000	3.508808	-2.371184	3.329855
16	8000000	8500000	3.384901	-2.230422	3.521044
17	8500000	9000000	3.412676	-1.995292	3.564761
18	9000000	9500000	3.491073	-1.649654	3.564591
19	9500000	10000000	3.677389	-1.162878	3.400725
20	10000000	10500000	4.078497	-0.593131	2.878780
21	10500000	11000000	4.524002	-0.082050	2.118794
22	11000000	11500000	4.943050	0.247449	1.189821
23	11500000	12000000	5.277698	0.388844	0.280185
24	12000000	12500000	5.404376	0.300947	-0.298598
25	12500000	13000000	5.456944	0.131761	-0.576099
26	13000000	13500000	5.430953	-0.082370	-0.553159
27	13500000	14000000	5.169642	-0.236593	0.015165
28	14000000	14500000	4.764041	-0.354465	0.860858
29	14500000	15000000	4.318143	-0.318830	1.856179
30	15000000	15500000	3.914311	-0.101475	2.827492
31	15500000	16000000	3.617484	0.207714	3.582512
32	16000000	16500000	3.430294	0.550721	4.048834
33	16500000	17000000	3.335768	0.964402	4.183655
34	17000000	17500000	3.446929	1.363684	3.725196
35	17500000	18000000	3.494449	1.691975	2.966549
36	18000000	18500000	3.343921	1.969163	2.464577
37	18500000	19000000	3.073723	2.215661	2.049431
38	19000000	19500000	2.831556	2.485918	1.761351
39	19500000	20000000	2.410934	2.744372	1.570943
40	20000000	20500000	2.022345	2.796959	1.328699
41	20500000	21000000	1.720304	2.788751	1.286050
42	21000000	21500000	1.627880	2.768983	1.468150
43	21500000	22000000	1.682149	2.783667	1.350527
44	22000000	22500000	1.662655	2.826260	1.285107
45	22500000	23000000	1.462628	2.810355	1.195820
46	23000000	23500000	1.447946	2.885990	1.127050
47	23500000	24000000	1.360029	3.010917	1.211121
48	24000000	24500000	1.360275	3.115245	1.150338
49	24500000	25000000	1.160989	3.151200	1.101512
50	25000000	25500000	1.145535	3.191052	0.960704
51	25500000	26000000	1.154089	3.224120	0.877093
52	26000000	26500000	1.215791	3.261507	0.764828
53	26500000	27000000	1.062043	3.256718	0.659174
54	27000000	27500000	1.032986	3.290689	0.575336
55	27500000	28000000	0.875650	3.206364	0.540677
56	28000000	28500000	0.789369	3.344868	0.505253
57	28500000	29000000	0.573424	3.441924	0.574053
58	29000000	29500000	0.478171	3.463708	0.435741
59	29500000	30000000	0.445779	3.400706	0.240582
60	30000000	30500000	0.562743	3.241861	0.006911
61	30500000	31000000	0.457569	3.184860	-0.208601
62	31000000	31500000	0.375248	3.432505	-0.277149
63	31500000	32000000	0.445324	3.499246	-0.533810
64	32000000	32500000	0.480708	3.448174	-0.724381
65	32500000	33000000	0.764034	3.300249	-1.008855
66	33000000	33500000	1.002783	3.285836	-1.232025
67	33500000	34000000	1.142271	3.363427	-1.430983
68	34000000	34500000	1.241601	3.248244	-1.550403
69	34500000	35000000	1.263146	2.872958	-1.664292
70	35000000	35500000	1.239556	2.702806	-1.694673
71	35500000	36000000	1.288726	2.520243	-1.829173
72	36000000	36500000	1.165965	2.512094	-1.942306
73	36500000	37000000	0.953261	2.494888	-2.052765
74	37000000	37500000	0.678522	2.426622	-2.037560
75	37500000	38000000	0.494583	2.445259	-1.896886
76	38000000	38500000	0.247603	2.636954	-1.716683
77	38500000	39000000	-0.005669	2.657886	-1.263929
78	39000000	39500000	-0.290143	2.816204	-0.798890
79	39500000	40000000	-0.670331	2.952694	-0.121222
80	40000000	40500000	-1.026502	3.044627	0.528013
81	40500000	41000000	-1.292516	3.101215	1.014407
82	41000000	41500000	-1.503768	3.125282	1.218313
83	41500000	42000000	-1.627293	3.119311	1.352958
84	42000000	42500000	-1.709302	3.192350	1.125506
85	42500000	43000000	-1.735735	3.157459	0.973356
86	43000000	43500000	-1.798539	3.099489	0.750621
87	43500000	44000000	-1.880343	3.085101	0.647359
88	44000000	44500000	-1.922057	3.040132	0.573220
89	44500000	45000000	-2.027650	3.090897	0.570975
90	45000000	45500000	-2.112901	3.017660	0.434972
91	45500000	46000000	-2.148268	2.855354	0.176978
92	46000000	46500000	-2.206890	2.863537	-0.087132
93	46500000	47000000	-2.281008	2.857748	-0.198710
94	47000000	47500000	-2.222916	2.775037	-0.475005
95	47500000	48000000	-2.324349	2.811351	-0.711882
96	48000000	48500000	-2.300491	2.852648	-0.932004
97	48500000	49000000	-2.364916	2.848047	-1.059001
98	49000000	49500000	-2.359517	2.980201	-0.964297
99	49500000	50000000	-2.493637	2.905125	-0.798329
100	50000000	50500000	-2.529816	2.810718	-0.750335
101	50500000	51000000	-2.563194	2.850408	-0.952219
102	51000000	51500000	-2.243874	2.627485	-1.030992
103	51500000	52000000	-1.702690	2.254530	-1.123910
104	52000000	52500000	-0.982330	1.959909	-1.345079
105	52500000	53000000	-0.394977	1.502590	-1.498277
106	53000000	53500000	0.342366	1.110347	-1.767231
107	53500000	54000000	0.930542	0.777979	-2.083598
108	54000000	54500000	1.559389	0.336292	-2.187986
109	54500000	55000000	1.989331	0.156186	-2.451618
110	55000000	55500000	2.127401	0.129130	-2.753001
111	55500000	56000000	2.047988	0.137658	-2.881201
112	56000000	56500000	1.918926	0.199783	-3.012567
113	56500000	57000000	1.797696	0.317928	-3.174935
114	57000000	57500000	1.725897	0.405582	-3.295766
115	57500000	58000000	1.517290	0.533090	-3.290972
116	58000000	58500000	1.085688	0.699892	-3.207507
117	58500000	59000000	0.684309	0.830762	-3.040199
118	59000000	59500000	0.430819	0.760824	-2.869925
119	59500000	60000000	0.172717	0.787129	-2.881483
120	60000000	60500000	-0.096346	0.709417	-2.803757
121	60500000	61000000	-0.322742	0.637226	-2.701781
122	61000000	61500000	-0.491729	0.561301	-2.842562
123	61500000	62000000	-0.343663	0.297728	-3.024372
124	62000000	62500000	-0.146189	-0.118977	-3.164536
125	62500000	63000000	0.095474	-0.415893	-3.377182
126	63000000	63500000	0.199724	-0.714106	-3.371661
127	63500000	64000000	0.400124	-0.880494	-3.506677
128	64000000	64500000	0.577684	-1.079722	-3.692770
129	64500000	65000000	0.635731	-1.323550	-3.720278
130	65000000	65500000	0.515816	-1.360478	-3.672604
131	65500000	66000000	0.339159	-1.255834	-3.776501
132	66000000	66500000	0.217759	-1.370585	-3.748142
133	66500000	67000000	0.043324	-1.439782	-3.808211
134	67000000	67500000	-0.306780	-1.327321	-3.737705
135	67500000	68000000	-0.641579	-1.240585	-3.738659
136	68000000	68500000	-1.005588	-1.042475	-3.696825
137	68500000	69000000	-1.316076	-0.961475	-3.793886
138	69000000	69500000	-1.613569	-1.032962	-3.670122
139	69500000	70000000	-2.087831	-0.714092	-3.545422
140	70000000	70500000	-2.474599	-0.632463	-3.369743
141	70500000	71000000	-2.630199	-0.706546	-3.247712
142	71000000	71500000	-2.735328	-0.670543	-2.955560
143	71500000	72000000	-2.799697	-0.672089	-2.653596
144	72000000	72500000	-2.947146	-0.701448	-2.288407
145	72500000	73000000	-3.125116	-0.522508	-2.067099
146	73000000	73500000	-3.192501	-0.591304	-1.947359
147	73500000	74000000	-3.194220	-0.385490	-1.664838
148	74000000	74500000	-3.266066	-0.266836	-1.398861
149	74500000	75000000	-3.253053	-0.321964	-1.413374
150	75000000	75500000	-3.236088	-0.419095	-1.275356
151	75500000	76000000	-3.205405	-0.307640	-1.097339
152	76000000	76500000	-3.144046	-0.350017	-0.886191
153	76500000	77000000	-3.048966	-0.287664	-0.765871
154	77000000	77500000	-2.969326	-0.447820	-0.774559
155	77500000	78000000	-3.029972	-0.492421	-0.772383
156	78000000	78500000	-3.156368	-0.620526	-0.638285
157	78500000	79000000	-3.048484	-0.690684	-0.687012
158	79000000	79500000	-2.918477	-1.100767	-0.846362
159	79500000	80000000	-2.843335	-1.465194	-1.032769
160	80000000	80500000	-2.783808	-1.786322	-1.130534
161	80500000	81000000	-2.594050	-2.062493	-1.295247
162	81000000	81500000	-2.282189	-2.426567	-1.493451
163	81500000	82000000	-1.965845	-2.650425	-1.652629
164	82000000	82500000	-1.776059	-2.998669	-1.781085
165	82500000	83000000	-1.468967	-3.134733	-1.879355
166	83000000	83500000	-1.170562	-3.027891	-1.861578
167	83500000	84000000	-0.977137	-3.069079	-1.808848
168	84000000	84500000	-0.737675	-3.024316	-1.723024
169	84500000	85000000	-0.525212	-3.045206	-1.586532
170	85000000	85500000	-0.377832	-3.109283	-1.388418
171	85500000	86000000	-0.264374	-3.070759	-1.136320
172	86000000	86500000	-0.145549	-3.114402	-0.787008
173	86500000	87000000	-0.078899	-3.303009	-0.558091
174	87000000	87500000	0.100151	-3.392589	-0.361279
175	87500000	88000000	0.101929	-3.600059	-0.201121
176	88000000	88500000	0.037804	-3.730853	-0.052055
177	88500000	89000000	-0.050999	-3.605190	0.029557
178	89000000	89500000	-0.208661	-3.650054	0.053158
179	89500000	90000000	-0.570439	-3.559554	0.058073
180	90000000	90500000	-0.840474	-3.430265	0.092753
181	90500000	91000000	-1.083895	-3.296717	0.147494
182	91000000	91500000	-1.218145	-3.237928	0.285486
183	91500000	92000000	-1.386919	-3.101576	0.423675
184	92000000	92500000	-1.413850	-3.252301	0.661873
185	92500000	93000000	-1.547786	-3.165208	0.819820
186	93000000	93500000	-1.506475	-2.895408	0.923701
187	93500000	94000000	-1.531646	-2.560554	1.094104
188	94000000	94500000	-1.630070	-2.243975	1.313516
189	94500000	95000000	-1.717021	-1.903499	1.275795
190	95000000	95500000	-1.885074	-1.806735	1.311618
191	95500000	96000000	-2.233472	-1.365651	1.294987
192	96000000	96500000	-2.381929	-1.060304	1.410603
193	96500000	97000000	-2.477953	-0.919854	1.525412
194	97000000	97500000	-2.585197	-0.874553	1.542530
195	97500000	98000000	-2.795160	-0.770297	1.547505
196	98000000	98500000	-3.004984	-0.625946	1.770232
197	98500000	99000000	-3.008632	-0.310100	1.932426
198	99000000	99500000	-2.927960	-0.429595	1.917314
199	99500000	100000000	-2.872545	-0.573643	1.931867
200	100000000	100500000	-2.864708	-0.769892	1.930053
201	100500000	101000000	-2.819644	-1.068242	1.948602
202	101000000	101500000	-2.687688	-1.186839	2.002468
203	101500000	102000000	-2.533713	-1.346807	2.021888
204	102000000	102500000	-2.418613	-1.703135	2.154368
205	102500000	103000000	-2.259817	-1.837612	2.413703
206	103000000	103500000	-2.066612	-1.910550	2.550913
207	103500000	104000000	-1.905227	-2.014648	2.720870
208	104000000	104500000	-1.677538	-2.130479	2.866836
209	104500000	105000000	-1.565722	-2.384095	2.839726
210	105000000	105500000	-1.557826	-2.457247	2.918335
211	105500000	106000000	-1.369998	-2.430731	2.764216
212	106000000	106500000	-1.163033	-2.501598	2.641415
213	106500000	107000000	-1.125059	-2.341203	2.732945
214	107000000	107500000	-1.024957	-2.240697	2.600075
215	107500000	108000000	-0.984489	-1.942477	2.556483
216	108000000	108500000	-0.932960	-1.711391	2.608801
217	108500000	109000000	-0.884602	-1.468601	2.674413
218	109000000	109500000	-1.054760	-1.067066	2.800366
219	109500000	110000000	-1.163965	-0.628755	2.871136
220	110000000	110500000	-0.973869	-0.560958	2.964714
221	110500000	111000000	-0.832973	-0.347261	3.406937
222	111000000	111500000	-0.916031	-0.143767	3.542467
223	111500000	112000000	-0.961966	0.134520	3.741260
224	112000000	112500000	-0.872228	0.273239	3.936265
225	112500000	113000000	-0.710114	0.458429	4.187127
226	113000000	113500000	-0.647488	0.522590	4.393537
227	113500000	114000000	-0.817085	0.796425	4.448051
228	114000000	114500000	-1.094183	1.008535	4.256494
