# Chromosome: chr7, Resolution: 500000bp
# Generated: 2026-07-31 11:28:13
bin	start	end	x	y	z
0	0	500000	-3.286686	-0.965438	2.258412
1	500000	1000000	-3.212089	-1.123558	2.163970
2	1000000	1500000	-3.157945	-1.148912	2.061494
3	1500000	2000000	-3.081766	-0.973299	1.635363
4	2000000	2500000	-3.016002	-0.920398	1.347508
5	2500000	3000000	-3.023676	-0.622062	0.931301
6	3000000	3500000	-3.104434	-0.432650	0.707138
7	3500000	4000000	-3.141789	-0.377075	0.528888
8	4000000	4500000	-3.239042	-0.256280	0.535733
9	4500000	5000000	-3.294230	-0.216244	0.534237
10	5000000	5500000	-3.477674	-0.272298	0.931218
11	5500000	6000000	-3.491956	-0.396049	1.026467
12	6000000	6500000	-3.513564	-0.618633	1.210055
13	6500000	7000000	-3.502384	-0.487705	1.102248
14	7000000	7500000	-3.498412	-0.155343	0.658431
15	7500000	8000000	-3.424830	0.197226	0.122719
16	8000000	8500000	-3.363780	0.623716	-0.366421
17	8500000	9000000	-3.239291	0.925329	-0.896398
18	9000000	9500000	-3.149634	0.985577	-1.160338
19	9500000	10000000	-3.048289	1.234260	-1.616581
20	10000000	10500000	-3.068156	1.321751	-1.812418
21	10500000	11000000	-3.113415	1.258270	-1.794466
22	11000000	11500000	-3.154435	1.134276	-1.674611
23	11500000	12000000	-3.261810	1.108663	-1.592231
24	12000000	12500000	-3.321759	1.065138	-1.537572
25	12500000	13000000	-3.263171	1.251510	-1.700177
26	13000000	13500000	-3.286227	1.128831	-1.709531
27	13500000	14000000	-3.250000	1.039877	-1.797038
28	14000000	14500000	-3.231084	0.984232	-1.865022
29	14500000	15000000	-3.212136	0.902397	-2.044826
30	15000000	15500000	-3.109147	0.613947	-2.117395
31	15500000	16000000	-3.083140	0.254383	-2.011134
32	16000000	16500000	-3.231528	-0.064302	-1.785616
33	16500000	17000000	-3.356263	-0.185503	-1.532835
34	17000000	17500000	-3.520007	-0.228203	-1.294285
35	17500000	18000000	-3.625681	-0.308769	-1.117735
36	18000000	18500000	-3.707757	-0.465801	-0.980155
37	18500000	19000000	-3.779128	-0.613422	-0.795318
38	19000000	19500000	-3.832952	-0.637117	-0.860678
39	19500000	20000000	-3.746015	-0.793753	-0.806283
40	20000000	20500000	-3.615846	-0.949009	-0.850123
41	20500000	21000000	-3.463006	-1.224520	-0.853083
42	21000000	21500000	-3.262482	-1.485545	-0.666159
43	21500000	22000000	-3.120421	-1.683091	-0.360195
44	22000000	22500000	-3.049199	-1.816862	-0.189163
45	22500000	23000000	-2.858320	-1.942983	-0.016514
46	23000000	23500000	-2.790788	-2.087913	0.171982
47	23500000	24000000	-2.652021	-2.246708	0.341444
48	24000000	24500000	-2.518708	-2.342719	0.514458
49	24500000	25000000	-2.451339	-2.477570	0.641511
50	25000000	25500000	-2.323364	-2.599841	0.646199
51	25500000	26000000	-2.230195	-2.778869	0.711207
52	26000000	26500000	-2.130967	-2.980930	0.847905
53	26500000	27000000	-1.982224	-3.066192	0.831323
54	27000000	27500000	-1.988853	-3.106717	0.751275
55	27500000	28000000	-1.942903	-3.177421	0.551784
56	28000000	28500000	-1.904018	-3.160366	0.320187
57	28500000	29000000	-1.938696	-3.180281	0.212233
58	29000000	29500000	-1.851173	-3.120619	0.010549
59	29500000	30000000	-1.970749	-3.011190	-0.344991
60	30000000	30500000	-2.018898	-2.838120	-0.612210
61	30500000	31000000	-2.004638	-2.736408	-0.753353
62	31000000	31500000	-1.895920	-2.801771	-0.733319
63	31500000	32000000	-1.668887	-2.887038	-0.960940
64	32000000	32500000	-1.449132	-2.838827	-1.321022
65	32500000	33000000	-1.291409	-2.788784	-1.688116
66	33000000	33500000	-1.047901	-2.780442	-1.765825
67	33500000	34000000	-0.866704	-2.895014	-1.917708
68	34000000	34500000	-0.702913	-3.071873	-1.952410
69	34500000	35000000	-0.677009	-3.055463	-2.062471
70	35000000	35500000	-0.679297	-3.033733	-1.938200
71	35500000	36000000	-0.698662	-3.110932	-1.740328
72	36000000	36500000	-0.661230	-3.271825	-1.484370
73	36500000	37000000	-0.645862	-3.286628	-1.364316
74	37000000	37500000	-0.718828	-3.263847	-1.332199
75	37500000	38000000	-0.820996	-3.141637	-1.423457
76	38000000	38500000	-0.876879	-3.043494	-1.501381
77	38500000	39000000	-1.103707	-2.835969	-1.729287
78	39000000	39500000	-1.058846	-2.649241	-2.071141
79	39500000	40000000	-1.119423	-2.404154	-2.398288
80	40000000	40500000	-1.332955	-2.280384	-2.577669
81	40500000	41000000	-1.359888	-2.183377	-2.705972
82	41000000	41500000	-1.455663	-2.156541	-2.809643
83	41500000	42000000	-1.527294	-2.071964	-2.832540
84	42000000	42500000	-1.344989	-2.193323	-2.523895
85	42500000	43000000	-1.383649	-2.427192	-1.949129
86	43000000	43500000	-1.362846	-2.690993	-1.421298
87	43500000	44000000	-1.245707	-2.846167	-1.230079
88	44000000	44500000	-1.331969	-2.749712	-1.205140
89	44500000	45000000	-1.111464	-2.581704	-1.333014
90	45000000	45500000	-0.968390	-2.469428	-1.560833
91	45500000	46000000	-1.044746	-2.261465	-1.884361
92	46000000	46500000	-1.098222	-1.906390	-2.202191
93	46500000	47000000	-1.225056	-1.469064	-2.586344
94	47000000	47500000	-1.235961	-1.067381	-2.920995
95	47500000	48000000	-1.173319	-0.949556	-2.933085
96	48000000	48500000	-1.271632	-0.809672	-2.867017
97	48500000	49000000	-1.329696	-0.742909	-2.732528
98	49000000	49500000	-1.289508	-0.632881	-2.803571
99	49500000	50000000	-1.362544	-0.279491	-3.066271
100	50000000	50500000	-1.243918	-0.069091	-3.315709
101	50500000	51000000	-1.108604	0.021031	-3.392680
102	51000000	51500000	-0.986062	0.227992	-3.525038
103	51500000	52000000	-0.898162	0.386995	-3.616598
104	52000000	52500000	-0.833092	0.688292	-3.762254
105	52500000	53000000	-0.833942	0.839367	-3.770295
106	53000000	53500000	-0.643411	0.660627	-3.686711
107	53500000	54000000	-0.609823	0.469733	-3.482636
108	54000000	54500000	-0.557692	0.304342	-3.332069
109	54500000	55000000	-0.504582	0.199421	-3.276921
110	55000000	55500000	-0.473769	0.410485	-3.249750
111	55500000	56000000	-0.491660	0.612097	-3.199040
112	56000000	56500000	-0.520310	0.977760	-3.137259
113	56500000	57000000	-0.633766	1.538030	-3.087670
114	57000000	57500000	-0.744646	2.229244	-3.007518
115	57500000	58000000	-0.958531	2.914893	-2.848579
116	58000000	58500000	-1.180867	3.433580	-2.604148
117	58500000	59000000	-0.695189	2.610918	-2.388675
118	59000000	59500000	-0.174602	1.819311	-2.325138
119	59500000	60000000	0.350757	1.137210	-2.447321
120	60000000	60500000	0.833721	0.587522	-2.698446
121	60500000	61000000	1.106273	0.450522	-2.881953
122	61000000	61500000	1.423300	0.352248	-3.061926
123	61500000	62000000	1.709520	0.273457	-3.220905
124	62000000	62500000	1.328351	1.275318	-3.310629
125	62500000	63000000	1.070264	2.025161	-3.402714
126	63000000	63500000	0.858432	2.513015	-3.400238
127	63500000	64000000	0.704575	2.770784	-3.317335
128	64000000	64500000	0.967924	2.000218	-3.196716
129	64500000	65000000	1.153737	1.067391	-3.025039
130	65000000	65500000	1.423392	0.093605	-2.762120
131	65500000	66000000	1.679966	-0.626379	-2.796328
132	66000000	66500000	1.764299	-0.976046	-2.796931
133	66500000	67000000	1.807494	-1.206859	-2.755873
134	67000000	67500000	1.810421	-1.446639	-2.718919
135	67500000	68000000	1.610350	-1.246929	-2.765583
136	68000000	68500000	1.556503	-1.038097	-2.779219
137	68500000	69000000	1.472987	-0.822008	-2.835648
138	69000000	69500000	1.427665	-0.787170	-2.741440
139	69500000	70000000	1.478272	-0.870206	-2.745945
140	70000000	70500000	1.541411	-0.914314	-2.703862
141	70500000	71000000	1.503433	-0.845200	-2.691087
142	71000000	71500000	1.603124	-1.103748	-2.559279
143	71500000	72000000	1.618220	-1.451608	-2.291191
144	72000000	72500000	1.541118	-1.678964	-1.955997
145	72500000	73000000	1.453245	-2.075925	-1.468138
146	73000000	73500000	1.329803	-2.586216	-0.767641
147	73500000	74000000	1.234299	-3.177375	-0.081115
148	74000000	74500000	1.209854	-3.732392	0.646941
149	74500000	75000000	1.135841	-3.800837	1.118536
150	75000000	75500000	1.254530	-3.784395	1.161429
151	75500000	76000000	1.450568	-3.751756	1.077094
152	76000000	76500000	1.653272	-3.594294	0.869829
153	76500000	77000000	1.883741	-3.196444	0.529546
154	77000000	77500000	2.035047	-2.554451	0.047593
155	77500000	78000000	2.221970	-1.916100	-0.463773
156	78000000	78500000	2.355825	-1.210814	-1.039295
157	78500000	79000000	2.354496	-0.431178	-1.418702
158	79000000	79500000	2.400048	0.242308	-1.752830
159	79500000	80000000	2.387643	0.849647	-1.988117
160	80000000	80500000	2.488219	0.936962	-2.117118
161	80500000	81000000	2.550224	1.000228	-2.179895
162	81000000	81500000	2.680950	1.029311	-2.094349
163	81500000	82000000	2.801651	0.832792	-1.979220
164	82000000	82500000	2.910164	0.731425	-1.851932
165	82500000	83000000	3.044951	0.600264	-1.845113
166	83000000	83500000	3.218611	0.587381	-1.859330
167	83500000	84000000	3.286705	0.830214	-1.731501
168	84000000	84500000	3.447224	0.748236	-1.717975
169	84500000	85000000	3.491189	0.701356	-1.731020
170	85000000	85500000	3.503576	0.610666	-1.604403
171	85500000	86000000	3.385194	0.480510	-1.414599
172	86000000	86500000	3.392621	0.275979	-1.242679
173	86500000	87000000	3.361109	-0.003194	-0.995150
174	87000000	87500000	3.383090	-0.123452	-0.949104
175	87500000	88000000	3.440794	-0.132219	-0.760847
176	88000000	88500000	3.452005	-0.262173	-0.687848
177	88500000	89000000	3.540194	-0.271509	-0.547661
178	89000000	89500000	3.695037	-0.295984	-0.454181
179	89500000	90000000	3.693655	-0.244993	-0.326212
180	90000000	90500000	3.634072	-0.224386	-0.202955
181	90500000	91000000	3.442228	-0.513631	0.012831
182	91000000	91500000	3.288909	-0.815197	0.267777
183	91500000	92000000	3.295596	-0.968899	0.482693
184	92000000	92500000	3.294557	-1.133267	0.464126
185	92500000	93000000	3.334600	-1.344384	0.442641
186	93000000	93500000	3.353295	-1.427188	0.508619
187	93500000	94000000	3.448628	-1.497319	0.600530
188	94000000	94500000	3.554532	-1.433604	0.638641
189	94500000	95000000	3.519088	-1.320183	0.660854
190	95000000	95500000	3.414960	-1.349928	0.629764
191	95500000	96000000	3.265896	-1.370901	0.855645
192	96000000	96500000	3.097906	-1.353322	0.981508
193	96500000	97000000	2.746010	-1.438389	1.178043
194	97000000	97500000	2.315908	-1.584388	1.351500
195	97500000	98000000	1.910714	-1.717815	1.626843
196	98000000	98500000	1.500288	-1.925967	1.911706
197	98500000	99000000	1.103884	-2.182435	2.297664
198	99000000	99500000	0.749746	-2.356892	2.491334
199	99500000	100000000	0.481693	-2.516721	2.695642
200	100000000	100500000	0.428589	-2.630091	2.787204
201	100500000	101000000	0.263762	-2.695681	2.926065
202	101000000	101500000	0.496268	-2.723924	2.841759
203	101500000	102000000	0.823440	-2.697640	2.788268
204	102000000	102500000	1.267502	-2.364518	2.648755
205	102500000	103000000	1.524007	-2.071328	2.522597
206	103000000	103500000	1.764647	-1.803387	2.511372
207	103500000	104000000	1.942606	-1.690180	2.578289
208	104000000	104500000	2.245747	-1.543230	2.517354
209	104500000	105000000	2.156476	-1.347519	2.544147
210	105000000	105500000	2.110764	-1.105156	2.501309
211	105500000	106000000	2.024588	-1.107753	2.660386
212	106000000	106500000	2.076310	-1.049379	2.738040
213	106500000	107000000	2.028661	-0.885011	2.642811
214	107000000	107500000	2.084722	-0.339604	2.249576
215	107500000	108000000	2.244173	0.187932	1.875008
216	108000000	108500000	2.497723	0.735836	1.435209
217	108500000	109000000	2.574488	1.294860	1.041443
218	109000000	109500000	2.631228	1.752082	0.537651
219	109500000	110000000	2.783651	2.079718	0.258269
220	110000000	110500000	2.864610	2.419355	-0.013865
221	110500000	111000000	2.848838	2.313961	0.047023
222	111000000	111500000	2.895472	2.242357	0.076599
223	111500000	112000000	2.727190	2.288976	0.141521
224	112000000	112500000	2.718237	2.334055	0.059093
225	112500000	113000000	2.638272	2.445056	-0.104539
226	113000000	113500000	2.522039	2.407063	0.052653
227	113500000	114000000	2.554929	2.378834	0.278964
228	114000000	114500000	2.692710	2.535459	0.235231
229	114500000	115000000	2.679552	2.513101	0.364495
230	115000000	115500000	2.800247	2.256840	0.675286
231	115500000	116000000	2.871361	1.916646	1.118078
232	116000000	116500000	3.024871	1.658804	1.562653
233	116500000	117000000	2.976737	1.746915	1.465513
234	117000000	117500000	2.824947	1.928656	1.161459
235	117500000	118000000	2.555465	2.134737	0.994638
236	118000000	118500000	2.293325	2.459516	0.689653
237	118500000	119000000	2.186040	2.512152	0.716569
238	119000000	119500000	2.132969	2.597545	0.794387
239	119500000	120000000	1.973807	2.639317	0.847049
240	120000000	120500000	1.885128	2.781107	0.823552
241	120500000	121000000	1.796578	2.786426	1.009852
242	121000000	121500000	1.770486	2.710093	1.351171
243	121500000	122000000	1.806716	2.687636	1.628479
244	122000000	122500000	1.750058	2.912779	1.582305
245	122500000	123000000	1.603011	3.081218	1.456778
246	123000000	123500000	1.490095	3.167415	1.400536
247	123500000	124000000	1.519288	3.170414	1.553189
248	124000000	124500000	1.651846	3.015288	1.773744
249	124500000	125000000	1.675188	2.813378	1.922114
250	125000000	125500000	1.747527	2.531911	2.168613
251	125500000	126000000	1.678655	2.288408	2.237108
252	126000000	126500000	1.643581	1.983413	2.381855
253	126500000	127000000	1.593028	1.702393	2.636811
254	127000000	127500000	1.181294	1.040504	2.904716
255	127500000	128000000	0.805924	0.469000	3.136026
256	128000000	128500000	0.604791	0.012725	3.283614
257	128500000	129000000	0.317935	-0.392030	3.425100
258	129000000	129500000	0.190927	-0.714479	3.631678
259	129500000	130000000	0.004126	-0.895454	3.757631
260	130000000	130500000	-0.123794	-0.944282	3.755654
261	130500000	131000000	0.070059	-0.740449	3.714117
262	131000000	131500000	0.191446	-0.556988	3.683729
263	131500000	132000000	0.240731	-0.442856	3.631249
264	132000000	132500000	0.337986	-0.300872	3.642579
265	132500000	133000000	0.348341	-0.109318	3.661250
266	133000000	133500000	0.368809	0.093178	3.661015
267	133500000	134000000	0.352377	0.186198	3.630484
268	134000000	134500000	0.363799	0.355614	3.612366
269	134500000	135000000	0.408710	0.738068	3.482922
270	135000000	135500000	0.355111	1.275986	3.385996
271	135500000	136000000	0.293720	1.750484	3.214602
272	136000000	136500000	0.274018	1.941246	3.124191
273	136500000	137000000	0.288366	2.012258	2.990570
274	137000000	137500000	0.288448	2.168192	2.969252
275	137500000	138000000	0.132500	1.977044	2.980276
276	138000000	138500000	-0.118022	1.652345	3.140322
277	138500000	139000000	-0.259172	1.231954	3.313179
278	139000000	139500000	-0.471122	0.745229	3.487921
279	139500000	140000000	-0.563382	0.699503	3.469075
280	140000000	140500000	-0.695347	0.870912	3.537836
281	140500000	141000000	-1.242109	0.971952	3.328346
282	141000000	141500000	-1.707983	1.393371	2.959004
283	141500000	142000000	-1.626654	1.788869	2.744295
284	142000000	142500000	-1.639132	2.292947	2.465510
285	142500000	143000000	-1.447203	2.773169	2.115076
286	143000000	143500000	-1.362162	3.004773	1.797593
287	143500000	144000000	-1.253024	3.212891	1.360444
288	144000000	144500000	-0.826045	3.462133	1.096163
289	144500000	145000000	-0.303117	3.605531	0.990778
290	145000000	145500000	-0.313301	3.708349	0.674721
291	145500000	146000000	-0.269649	3.713656	0.449869
292	146000000	146500000	-0.331639	3.812781	0.335316
293	146500000	147000000	-0.488072	3.974414	0.287276
294	147000000	147500000	-0.574036	3.686141	0.559845
295	147500000	148000000	-0.702609	3.267601	1.041110
296	148000000	148500000	-0.920614	2.935812	1.492725
297	148500000	149000000	-1.214675	2.524989	1.966544
298	149000000	149500000	-1.277855	2.017460	2.326310
299	149500000	150000000	-1.454721	1.556060	2.673339
300	150000000	150500000	-1.568895	1.099366	2.996903
301	150500000	151000000	-1.831137	1.045399	3.087405
302	151000000	151500000	-1.916274	1.211161	2.938865
303	151500000	152000000	-1.886390	1.440730	2.576670
304	152000000	152500000	-1.759864	1.818924	2.209170
305	152500000	153000000	-1.857239	2.247547	1.913024
306	153000000	153500000	-1.808390	2.576663	1.659243
307	153500000	154000000	-1.846851	2.744728	1.529175
308	154000000	154500000	-1.696877	2.729483	1.467523
309	154500000	155000000	-1.645527	2.734311	1.460699
310	155000000	155500000	-1.660208	2.542346	1.701533
311	155500000	156000000	-1.643652	2.330693	1.860477
312	156000000	156500000	-1.699390	2.319487	1.841901
313	156500000	157000000	-1.798234	2.426670	1.661349
314	157000000	157500000	-1.889866	2.547798	1.534955
315	157500000	158000000	-2.070987	2.789252	1.347368
316	158000000	158500000	-2.108345	2.837427	1.233768
317	158500000	159000000	-2.222686	3.031129	1.008406
318	159000000	159500000	-2.365441	3.260970	0.766565
