# Chromosome: chr13, Resolution: 500000bp
# Generated: 2026-08-12 15:26:27
bin	start	end	x	y	z
0	0	500000	4.943940	-0.428566	2.058953
1	500000	1000000	5.006038	-0.611293	1.718623
2	1000000	1500000	5.032659	-0.798844	1.378972
3	1500000	2000000	5.026156	-0.973597	1.028673
4	2000000	2500000	5.055157	-1.255598	0.344920
5	2500000	3000000	5.046088	-1.414903	-0.345969
6	3000000	3500000	5.019962	-1.407314	-0.909235
7	3500000	4000000	4.994225	-1.234768	-1.292961
8	4000000	4500000	4.742210	-0.521568	-1.080787
9	4500000	5000000	4.419221	0.301531	-0.711190
10	5000000	5500000	4.057465	1.158143	-0.143383
11	5500000	6000000	3.723551	1.934299	0.609604
12	6000000	6500000	3.467240	2.528550	1.458914
13	6500000	7000000	3.269041	2.924017	2.272209
14	7000000	7500000	3.118151	3.151999	2.957444
15	7500000	8000000	3.251060	2.871842	3.054346
16	8000000	8500000	3.522095	2.505663	2.983415
17	8500000	9000000	3.901415	2.090911	2.700773
18	9000000	9500000	4.296585	1.696069	2.217910
19	9500000	10000000	4.611810	1.388580	1.578994
20	10000000	10500000	4.756229	1.145558	0.665779
21	10500000	11000000	4.764640	0.956061	-0.306024
22	11000000	11500000	4.646307	0.864774	-1.245061
23	11500000	12000000	4.453500	0.908358	-2.057119
24	12000000	12500000	4.256692	1.071724	-2.662231
25	12500000	13000000	4.107068	1.285670	-3.027501
26	13000000	13500000	4.016034	1.503989	-3.147270
27	13500000	14000000	4.041802	1.757744	-2.851808
28	14000000	14500000	4.129076	2.043902	-2.313184
29	14500000	15000000	4.237234	2.319694	-1.631277
30	15000000	15500000	4.299540	2.589631	-0.982913
31	15500000	16000000	4.287934	2.845207	-0.503305
32	16000000	16500000	4.213539	3.078743	-0.274467
33	16500000	17000000	4.053371	3.298394	-0.296424
34	17000000	17500000	3.711464	3.511274	-0.535414
35	17500000	18000000	3.207864	3.624727	-0.785789
36	18000000	18500000	2.615452	3.673865	-0.856808
37	18500000	19000000	2.010526	3.675053	-1.010169
38	19000000	19500000	1.504124	3.731161	-0.930574
39	19500000	20000000	0.962212	3.723583	-0.781256
40	20000000	20500000	0.490167	3.680545	-0.595532
41	20500000	21000000	0.212265	3.633563	-0.341581
42	21000000	21500000	0.146738	3.675630	-0.279125
43	21500000	22000000	0.093076	3.616197	-0.355444
44	22000000	22500000	0.028730	3.569348	-0.193856
45	22500000	23000000	-0.115094	3.419696	-0.119061
46	23000000	23500000	-0.285966	3.394062	0.075581
47	23500000	24000000	-0.469366	3.398569	0.220629
48	24000000	24500000	-0.583010	3.473654	0.521116
49	24500000	25000000	-0.791224	3.363988	0.651324
50	25000000	25500000	-0.918688	3.474405	0.660194
51	25500000	26000000	-1.007780	3.458938	0.659986
52	26000000	26500000	-1.071059	3.479201	0.495212
53	26500000	27000000	-1.124379	3.470706	0.336284
54	27000000	27500000	-1.123095	3.461227	0.119354
55	27500000	28000000	-1.071767	3.315122	-0.269764
56	28000000	28500000	-1.205660	3.340667	-0.220925
57	28500000	29000000	-1.343139	3.242941	-0.209967
58	29000000	29500000	-1.388886	3.265553	-0.403432
59	29500000	30000000	-1.333778	3.148278	-0.592716
60	30000000	30500000	-1.238263	3.003431	-0.916656
61	30500000	31000000	-1.277556	2.869515	-1.026798
62	31000000	31500000	-1.480304	2.910883	-1.182170
63	31500000	32000000	-1.303787	2.956725	-1.544775
64	32000000	32500000	-1.200518	2.946575	-1.806480
65	32500000	33000000	-1.053500	2.779864	-2.122973
66	33000000	33500000	-0.912069	2.804098	-2.387836
67	33500000	34000000	-0.840094	2.770620	-2.626674
68	34000000	34500000	-0.708603	2.681493	-2.739055
69	34500000	35000000	-0.631393	2.449778	-2.759813
70	35000000	35500000	-0.782032	2.224507	-2.744746
71	35500000	36000000	-0.721744	1.941879	-2.741853
72	36000000	36500000	-0.619498	1.838069	-2.804082
73	36500000	37000000	-0.612880	1.695142	-2.828929
74	37000000	37500000	-0.786794	1.591627	-2.677630
75	37500000	38000000	-0.930318	1.505473	-2.440267
76	38000000	38500000	-1.152847	1.535060	-2.343104
77	38500000	39000000	-1.303752	1.577703	-2.154869
78	39000000	39500000	-1.543387	1.738662	-1.993272
79	39500000	40000000	-2.006491	1.890494	-1.376986
80	40000000	40500000	-2.399520	2.024736	-0.670252
81	40500000	41000000	-2.625155	2.176203	-0.210509
82	41000000	41500000	-2.825869	2.301404	-0.059243
83	41500000	42000000	-2.853190	2.309459	0.296098
84	42000000	42500000	-2.903822	2.203156	0.370657
85	42500000	43000000	-3.004541	2.175860	0.485912
86	43000000	43500000	-2.944387	2.055795	0.501387
87	43500000	44000000	-3.059470	1.952740	0.350451
88	44000000	44500000	-3.052028	1.805339	0.333841
89	44500000	45000000	-3.126171	1.687291	0.320180
90	45000000	45500000	-3.226190	1.520922	0.252534
91	45500000	46000000	-3.358613	1.365951	0.149573
92	46000000	46500000	-3.405331	1.202135	-0.133192
93	46500000	47000000	-3.493632	1.135093	-0.391727
94	47000000	47500000	-3.458135	0.938815	-0.558144
95	47500000	48000000	-3.552770	0.879708	-0.508493
96	48000000	48500000	-3.656844	0.852702	-0.421015
97	48500000	49000000	-3.731754	0.817135	-0.297616
98	49000000	49500000	-3.750493	0.929976	-0.218698
99	49500000	50000000	-3.822701	0.907670	0.030440
100	50000000	50500000	-3.873517	0.777873	0.095629
101	50500000	51000000	-3.951928	0.672456	-0.108067
102	51000000	51500000	-3.764800	0.491943	-0.432513
103	51500000	52000000	-3.484597	0.279606	-0.867861
104	52000000	52500000	-3.175771	0.197552	-1.510997
105	52500000	53000000	-2.861540	-0.019272	-1.948616
106	53000000	53500000	-2.566615	-0.129354	-2.388431
107	53500000	54000000	-2.231012	-0.314969	-2.741033
108	54000000	54500000	-1.921596	-0.512050	-2.949879
109	54500000	55000000	-1.673516	-0.635451	-3.291816
110	55000000	55500000	-1.421320	-0.610362	-3.588637
111	55500000	56000000	-1.340520	-0.777816	-3.595737
112	56000000	56500000	-1.133676	-0.856273	-3.573299
113	56500000	57000000	-0.882548	-0.919778	-3.588411
114	57000000	57500000	-0.739802	-0.829063	-3.673109
115	57500000	58000000	-0.599565	-0.668823	-3.596424
116	58000000	58500000	-0.628421	-0.566555	-3.422211
117	58500000	59000000	-0.756442	-0.630892	-3.009099
118	59000000	59500000	-0.696733	-0.565975	-2.805440
119	59500000	60000000	-0.613807	-0.534237	-2.639075
120	60000000	60500000	-0.565089	-0.661180	-2.486395
121	60500000	61000000	-0.563035	-0.754441	-2.227781
122	61000000	61500000	-0.347840	-0.926427	-2.295074
123	61500000	62000000	0.027119	-1.121335	-2.494859
124	62000000	62500000	0.511805	-1.268812	-2.756784
125	62500000	63000000	0.849196	-1.273562	-3.027191
126	63000000	63500000	0.945643	-1.444296	-3.112741
127	63500000	64000000	1.133858	-1.476586	-3.217329
128	64000000	64500000	1.433359	-1.553010	-3.405046
129	64500000	65000000	1.616820	-1.607259	-3.250882
130	65000000	65500000	1.463351	-1.714915	-3.015010
131	65500000	66000000	1.355162	-1.855576	-2.915663
132	66000000	66500000	1.401536	-2.151533	-2.720687
133	66500000	67000000	1.353271	-2.322320	-2.725411
134	67000000	67500000	1.127739	-2.500058	-2.632123
135	67500000	68000000	0.791812	-2.737956	-2.592860
136	68000000	68500000	0.376569	-3.001625	-2.580626
137	68500000	69000000	0.161877	-3.293173	-2.564350
138	69000000	69500000	-0.299217	-3.424396	-2.384643
139	69500000	70000000	-0.785470	-3.434365	-2.170985
140	70000000	70500000	-1.260487	-3.412358	-1.971858
141	70500000	71000000	-1.556319	-3.377464	-1.796868
142	71000000	71500000	-1.899996	-3.290464	-1.522014
143	71500000	72000000	-2.162380	-3.083174	-1.267079
144	72000000	72500000	-2.453853	-2.789701	-1.097338
145	72500000	73000000	-2.585063	-2.652448	-0.885551
146	73000000	73500000	-2.653982	-2.599778	-0.814915
147	73500000	74000000	-2.662985	-2.522130	-0.530712
148	74000000	74500000	-2.751878	-2.370490	-0.257064
149	74500000	75000000	-2.560810	-2.386215	-0.231061
150	75000000	75500000	-2.511771	-2.324351	-0.128016
151	75500000	76000000	-2.538357	-2.209811	0.192656
152	76000000	76500000	-2.448280	-2.117318	0.298450
153	76500000	77000000	-2.384423	-2.084502	0.463290
154	77000000	77500000	-2.323084	-2.166797	0.505494
155	77500000	78000000	-2.254279	-2.248144	0.591374
156	78000000	78500000	-2.315515	-2.357069	0.835340
157	78500000	79000000	-2.229448	-2.369012	0.882389
158	79000000	79500000	-1.930506	-2.696662	0.836277
159	79500000	80000000	-1.734484	-3.037314	0.858754
160	80000000	80500000	-1.695902	-3.260699	0.862060
161	80500000	81000000	-1.438537	-3.367389	0.826077
162	81000000	81500000	-1.054627	-3.577561	0.568980
163	81500000	82000000	-0.749692	-3.643411	0.358666
164	82000000	82500000	-0.511793	-3.964663	0.337744
165	82500000	83000000	-0.251498	-4.016681	0.204426
166	83000000	83500000	-0.102663	-3.866281	0.126868
167	83500000	84000000	0.184541	-3.788978	0.051955
168	84000000	84500000	0.388705	-3.649886	-0.009359
169	84500000	85000000	0.568713	-3.546334	0.040384
170	85000000	85500000	0.815229	-3.441151	0.114214
171	85500000	86000000	1.154091	-3.328424	0.086983
172	86000000	86500000	1.410043	-3.115057	0.262250
173	86500000	87000000	1.655256	-3.055530	0.250700
174	87000000	87500000	1.909061	-2.978729	0.412521
175	87500000	88000000	2.121256	-3.027698	0.612202
176	88000000	88500000	2.166652	-3.091071	0.822030
177	88500000	89000000	2.036079	-2.954221	0.892456
178	89000000	89500000	1.818802	-2.909872	1.073600
179	89500000	90000000	1.547109	-2.955061	1.139569
180	90000000	90500000	1.377619	-2.731812	1.337070
181	90500000	91000000	1.183641	-2.637613	1.418679
182	91000000	91500000	1.121472	-2.531109	1.505155
183	91500000	92000000	1.082230	-2.316666	1.539006
184	92000000	92500000	1.312175	-2.215092	1.740225
185	92500000	93000000	1.391153	-1.936067	1.846361
186	93000000	93500000	1.222237	-1.734607	1.834949
187	93500000	94000000	0.975469	-1.589406	1.861262
188	94000000	94500000	0.606167	-1.539672	1.960095
189	94500000	95000000	0.297027	-1.413439	1.891440
190	95000000	95500000	-0.001848	-1.485178	2.066524
191	95500000	96000000	-0.653825	-1.449979	2.160063
192	96000000	96500000	-1.137852	-1.432862	2.217999
193	96500000	97000000	-1.329492	-1.244279	2.365226
194	97000000	97500000	-1.424842	-1.214941	2.498240
195	97500000	98000000	-1.524949	-0.965776	2.601990
196	98000000	98500000	-1.761081	-0.787476	2.911411
197	98500000	99000000	-1.909991	-0.553607	3.015959
198	99000000	99500000	-1.802666	-0.555110	3.050982
199	99500000	100000000	-1.652813	-0.627158	3.135402
200	100000000	100500000	-1.534074	-0.846181	3.204515
201	100500000	101000000	-1.368566	-1.074868	3.279458
202	101000000	101500000	-1.183749	-1.208767	3.223376
203	101500000	102000000	-0.985994	-1.270430	3.162639
204	102000000	102500000	-0.608424	-1.461930	3.203948
205	102500000	103000000	-0.258927	-1.626790	3.306721
206	103000000	103500000	-0.102287	-1.728050	3.363955
207	103500000	104000000	0.125803	-1.782416	3.404630
208	104000000	104500000	0.282831	-1.823993	3.483222
209	104500000	105000000	0.416231	-1.856000	3.668815
210	105000000	105500000	0.654004	-1.952549	3.786990
211	105500000	106000000	0.637710	-1.893411	3.676538
212	106000000	106500000	0.682784	-1.674565	3.634130
213	106500000	107000000	0.777005	-1.451806	3.684433
214	107000000	107500000	0.769426	-1.244994	3.658583
215	107500000	108000000	0.741899	-0.925448	3.540713
216	108000000	108500000	0.767055	-0.752578	3.407207
217	108500000	109000000	0.555481	-0.495772	3.378809
218	109000000	109500000	0.248612	-0.136276	3.433810
219	109500000	110000000	-0.005436	0.127945	3.389086
220	110000000	110500000	-0.008592	0.386265	3.401487
221	110500000	111000000	0.173799	0.696214	3.592326
222	111000000	111500000	-0.022828	0.879562	3.657033
223	111500000	112000000	-0.198305	1.138564	3.816311
224	112000000	112500000	-0.144337	1.460016	3.888583
225	112500000	113000000	-0.014926	1.726798	4.003729
226	113000000	113500000	0.057924	1.853855	4.133586
227	113500000	114000000	-0.095697	1.997308	4.153826
228	114000000	114500000	-0.538204	2.124807	4.040402
