# Chromosome: chr4, Resolution: 500000bp
# Generated: 2026-08-26 10:12:27
bin	start	end	x	y	z
0	0	500000	-3.889052	0.616689	-0.845760
1	500000	1000000	-3.875763	0.503382	-0.763466
2	1000000	1500000	-3.899610	0.425682	-0.669699
3	1500000	2000000	-3.882479	0.300919	-0.629141
4	2000000	2500000	-3.917999	0.201015	-0.565834
5	2500000	3000000	-3.835863	0.112735	-0.612593
6	3000000	3500000	-3.701805	-0.069215	-0.699023
7	3500000	4000000	-3.571001	-0.175805	-0.866272
8	4000000	4500000	-3.464830	-0.296147	-1.002550
9	4500000	5000000	-3.333900	-0.410475	-1.145671
10	5000000	5500000	-3.269519	-0.455253	-1.208897
11	5500000	6000000	-3.169176	-0.582773	-1.281320
12	6000000	6500000	-3.149145	-0.618058	-1.395757
13	6500000	7000000	-3.168095	-0.669188	-1.441781
14	7000000	7500000	-3.117110	-0.711701	-1.536316
15	7500000	8000000	-3.124447	-0.522955	-1.714044
16	8000000	8500000	-3.054143	-0.537405	-1.803549
17	8500000	9000000	-2.855571	-0.607408	-1.915854
18	9000000	9500000	-2.734644	-0.705555	-1.902986
19	9500000	10000000	-2.618715	-0.774653	-1.943116
20	10000000	10500000	-2.421182	-0.789714	-2.099705
21	10500000	11000000	-2.223425	-0.804737	-2.235546
22	11000000	11500000	-2.029219	-0.998600	-2.296331
23	11500000	12000000	-1.962244	-0.951734	-2.470512
24	12000000	12500000	-1.949384	-0.858113	-2.691998
25	12500000	13000000	-1.866565	-0.833786	-2.863209
26	13000000	13500000	-1.801246	-0.852436	-2.917503
27	13500000	14000000	-1.827071	-0.920581	-2.862818
28	14000000	14500000	-1.956779	-1.013297	-2.694586
29	14500000	15000000	-1.986878	-1.097943	-2.565762
30	15000000	15500000	-1.890550	-1.186372	-2.556822
31	15500000	16000000	-1.848993	-1.277632	-2.524129
32	16000000	16500000	-1.911561	-1.189245	-2.534286
33	16500000	17000000	-1.797170	-1.192190	-2.569186
34	17000000	17500000	-1.585852	-1.183895	-2.691487
35	17500000	18000000	-1.292669	-1.074643	-2.939452
36	18000000	18500000	-1.006258	-1.001024	-3.150874
37	18500000	19000000	-0.898985	-0.994541	-3.183298
38	19000000	19500000	-0.765732	-1.025077	-3.189713
39	19500000	20000000	-0.515512	-1.141400	-3.244650
40	20000000	20500000	-0.421082	-1.111871	-3.335826
41	20500000	21000000	-0.433218	-1.157449	-3.270044
42	21000000	21500000	-0.519396	-1.229914	-3.228213
43	21500000	22000000	-0.520504	-1.280165	-3.189523
44	22000000	22500000	-0.431301	-1.323008	-3.228943
45	22500000	23000000	-0.488456	-1.379161	-3.218614
46	23000000	23500000	-0.671463	-1.472908	-3.091649
47	23500000	24000000	-0.874244	-1.566998	-2.815306
48	24000000	24500000	-1.055337	-1.607619	-2.652133
49	24500000	25000000	-1.209690	-1.714098	-2.405765
50	25000000	25500000	-1.470042	-1.850661	-2.177874
51	25500000	26000000	-1.576676	-1.978501	-1.992738
52	26000000	26500000	-1.515931	-2.039023	-1.872719
53	26500000	27000000	-1.282833	-2.042133	-1.909971
54	27000000	27500000	-0.925921	-2.075352	-2.127702
55	27500000	28000000	-0.577828	-2.084877	-2.303471
56	28000000	28500000	-0.163290	-2.064820	-2.510133
57	28500000	29000000	0.047510	-2.065267	-2.629888
58	29000000	29500000	0.099445	-2.077465	-2.629481
59	29500000	30000000	0.151925	-2.083977	-2.669881
60	30000000	30500000	0.186934	-2.089429	-2.664973
61	30500000	31000000	0.173788	-2.121317	-2.594740
62	31000000	31500000	0.145099	-2.192058	-2.505176
63	31500000	32000000	0.166466	-2.249617	-2.451143
64	32000000	32500000	0.443948	-2.205677	-2.493483
65	32500000	33000000	0.550128	-2.253763	-2.479129
66	33000000	33500000	0.890703	-2.072019	-2.631997
67	33500000	34000000	0.867949	-2.097942	-2.543520
68	34000000	34500000	0.747892	-2.161290	-2.438541
69	34500000	35000000	0.509242	-2.119096	-2.266340
70	35000000	35500000	0.201821	-2.187665	-2.041995
71	35500000	36000000	-0.178091	-2.238437	-1.817091
72	36000000	36500000	-0.537500	-2.127501	-1.632830
73	36500000	37000000	-1.180542	-2.203664	-1.186834
74	37000000	37500000	-1.554249	-2.097685	-0.937600
75	37500000	38000000	-1.965954	-1.941963	-0.682973
76	38000000	38500000	-2.285067	-1.789833	-0.482236
77	38500000	39000000	-2.506337	-1.657210	-0.273032
78	39000000	39500000	-2.711801	-1.574527	-0.072389
79	39500000	40000000	-2.708491	-1.595776	-0.007638
80	40000000	40500000	-2.587839	-1.746960	-0.070931
81	40500000	41000000	-2.432179	-1.933189	-0.160635
82	41000000	41500000	-2.180182	-2.109241	-0.307751
83	41500000	42000000	-1.417922	-2.299767	-0.654379
84	42000000	42500000	-0.803543	-2.433118	-0.959903
85	42500000	43000000	-0.274603	-2.555218	-1.267334
86	43000000	43500000	0.165621	-2.690666	-1.498719
87	43500000	44000000	0.517899	-2.727747	-1.681724
88	44000000	44500000	0.916705	-2.734145	-1.844285
89	44500000	45000000	1.149472	-2.836655	-1.921594
90	45000000	45500000	0.880774	-2.905068	-1.843255
91	45500000	46000000	0.568142	-2.975766	-1.719552
92	46000000	46500000	0.124122	-3.021371	-1.512481
93	46500000	47000000	-0.251036	-2.854780	-1.270442
94	47000000	47500000	-0.674840	-2.776983	-1.042257
95	47500000	48000000	-0.510211	-2.547827	-1.215974
96	48000000	48500000	-0.116490	-2.117939	-1.462526
97	48500000	49000000	-0.681108	-1.525311	-1.036235
98	49000000	49500000	-1.196536	-0.912715	-0.662737
99	49500000	50000000	-0.393865	-0.661624	-0.880511
100	50000000	50500000	-0.668546	-0.529506	-0.687024
101	50500000	51000000	-0.473746	-0.623055	-0.659785
102	51000000	51500000	-1.057738	-0.758790	-0.180930
103	51500000	52000000	-1.796424	-1.073387	0.347324
104	52000000	52500000	-1.435226	-1.544920	0.167356
105	52500000	53000000	-1.027579	-2.118320	-0.034597
106	53000000	53500000	-1.608801	-2.427525	0.292074
107	53500000	54000000	-1.151176	-2.672732	0.146640
108	54000000	54500000	-1.212557	-2.612126	0.260794
109	54500000	55000000	-1.143276	-2.661253	0.309022
110	55000000	55500000	-0.966835	-2.617397	0.318253
111	55500000	56000000	-0.739414	-2.653617	0.356804
112	56000000	56500000	-0.459832	-2.688169	0.340990
113	56500000	57000000	-0.292304	-2.593126	0.311874
114	57000000	57500000	-0.103838	-2.643245	0.329156
115	57500000	58000000	0.222851	-2.721509	0.249716
116	58000000	58500000	0.550500	-2.716352	0.178494
117	58500000	59000000	0.879239	-2.752620	0.100300
118	59000000	59500000	1.056150	-2.841100	0.064138
119	59500000	60000000	1.174806	-2.828307	0.041839
120	60000000	60500000	1.393529	-2.861194	-0.029462
121	60500000	61000000	1.528325	-2.814981	-0.098709
122	61000000	61500000	1.572154	-2.734307	-0.117942
123	61500000	62000000	1.678430	-2.749144	-0.145765
124	62000000	62500000	1.751139	-2.735180	-0.160157
125	62500000	63000000	1.852463	-2.706781	-0.155535
126	63000000	63500000	1.887011	-2.629022	-0.105915
127	63500000	64000000	1.752670	-2.543206	0.052476
128	64000000	64500000	1.704950	-2.520325	0.209673
129	64500000	65000000	1.677555	-2.515900	0.370204
130	65000000	65500000	1.522823	-2.507179	0.540412
131	65500000	66000000	1.360456	-2.473901	0.716905
132	66000000	66500000	1.029868	-2.336245	0.846798
133	66500000	67000000	1.214566	-2.308087	0.760671
134	67000000	67500000	0.421068	-1.784279	0.815396
135	67500000	68000000	0.220796	-1.814108	0.924528
136	68000000	68500000	0.120255	-1.834931	0.984951
137	68500000	69000000	0.007741	-1.922951	1.095375
138	69000000	69500000	-0.118536	-2.007930	1.236702
139	69500000	70000000	-0.050894	-2.229907	1.292824
140	70000000	70500000	-0.464117	-2.296161	1.557110
141	70500000	71000000	0.239325	-2.983545	1.643027
142	71000000	71500000	0.132095	-3.036568	1.724306
143	71500000	72000000	-0.115428	-3.011408	1.803898
144	72000000	72500000	-0.323736	-2.849993	1.801620
145	72500000	73000000	-0.418981	-2.738246	1.774386
146	73000000	73500000	-0.611958	-2.607326	1.786465
147	73500000	74000000	-0.779440	-2.431655	1.801031
148	74000000	74500000	-1.210462	-2.124941	1.828945
149	74500000	75000000	-1.391231	-1.858138	1.766279
150	75000000	75500000	-1.457170	-1.645406	1.710632
151	75500000	76000000	-1.506643	-1.557381	1.683476
152	76000000	76500000	-1.735925	-1.466870	1.721904
153	76500000	77000000	-1.753907	-1.347238	1.761247
154	77000000	77500000	-1.970792	-1.308150	1.870647
155	77500000	78000000	-1.858517	-1.380622	1.971169
156	78000000	78500000	-1.749808	-1.446570	2.070216
157	78500000	79000000	-1.789359	-1.451308	2.219372
158	79000000	79500000	-1.818205	-1.441886	2.403080
159	79500000	80000000	-1.679334	-1.446498	2.496060
160	80000000	80500000	-1.596379	-1.448336	2.544587
161	80500000	81000000	-1.380947	-1.491189	2.548553
162	81000000	81500000	-1.450000	-1.337100	2.501839
163	81500000	82000000	-1.634205	-1.139930	2.462644
164	82000000	82500000	-1.374981	-1.223461	2.390667
165	82500000	83000000	-1.060230	-1.322307	2.364917
166	83000000	83500000	-0.800243	-1.420957	2.324654
167	83500000	84000000	-0.624795	-1.372614	2.247015
168	84000000	84500000	-0.549507	-1.305671	2.240496
169	84500000	85000000	-0.185845	-1.458149	2.230635
170	85000000	85500000	-0.171834	-1.413381	2.270779
171	85500000	86000000	-0.328531	-1.262606	2.281119
172	86000000	86500000	-0.343184	-1.120842	2.153091
173	86500000	87000000	-0.500588	-0.946194	2.143701
174	87000000	87500000	-0.609877	-0.941820	2.336613
175	87500000	88000000	-0.528058	-0.983949	2.282560
176	88000000	88500000	-0.399067	-0.994618	2.316643
177	88500000	89000000	0.192200	-1.233779	2.350412
178	89000000	89500000	0.735528	-1.390750	2.136857
179	89500000	90000000	1.014256	-1.460080	2.145471
180	90000000	90500000	1.588200	-1.537425	1.853241
181	90500000	91000000	2.103943	-1.568216	1.509142
182	91000000	91500000	2.534700	-1.557123	1.332488
183	91500000	92000000	2.687001	-1.446081	1.165174
184	92000000	92500000	2.798576	-1.355767	1.003282
185	92500000	93000000	2.640472	-1.291579	1.241262
186	93000000	93500000	2.496664	-1.182873	1.245833
187	93500000	94000000	2.288404	-1.096319	1.436028
188	94000000	94500000	2.174950	-1.126489	1.581797
189	94500000	95000000	2.174112	-1.139812	1.705720
190	95000000	95500000	2.238759	-1.154000	1.764117
191	95500000	96000000	2.221742	-1.205092	1.817440
192	96000000	96500000	2.361963	-1.221502	1.776312
193	96500000	97000000	2.418267	-1.251431	1.871766
194	97000000	97500000	2.279183	-1.260038	1.978724
195	97500000	98000000	2.044893	-1.131266	2.109010
196	98000000	98500000	1.637977	-1.031376	2.273706
197	98500000	99000000	1.343886	-0.945814	2.488435
198	99000000	99500000	1.153042	-0.815713	2.634759
199	99500000	100000000	0.649609	-0.640710	2.818106
200	100000000	100500000	0.591919	-0.528990	2.808837
201	100500000	101000000	0.551093	-0.398401	2.825299
202	101000000	101500000	0.244401	-0.240921	2.872997
203	101500000	102000000	0.298646	-0.129040	2.953690
204	102000000	102500000	0.405745	-0.101603	2.878748
205	102500000	103000000	0.046195	0.072475	2.881319
206	103000000	103500000	-0.013657	0.197576	2.801999
207	103500000	104000000	-0.381764	0.334106	2.790188
208	104000000	104500000	-0.583103	0.426434	2.829191
209	104500000	105000000	-0.370820	0.410452	2.919814
210	105000000	105500000	-0.094464	0.352657	2.756758
211	105500000	106000000	-0.026398	0.350422	2.714490
212	106000000	106500000	0.106104	0.352769	2.790628
213	106500000	107000000	0.251948	0.353651	2.863403
214	107000000	107500000	0.487690	0.286212	2.876454
215	107500000	108000000	0.622372	0.312699	2.935448
216	108000000	108500000	0.500585	0.349778	2.808021
217	108500000	109000000	0.107987	0.472949	2.858919
218	109000000	109500000	0.037768	0.576855	2.915475
219	109500000	110000000	0.446557	0.515728	2.797526
220	110000000	110500000	0.698470	0.461491	2.769236
221	110500000	111000000	0.598315	0.584585	2.759075
222	111000000	111500000	0.523766	0.641153	2.698085
223	111500000	112000000	0.593518	0.704535	2.723389
224	112000000	112500000	0.472333	0.788653	2.685136
225	112500000	113000000	0.410039	0.818089	2.657488
226	113000000	113500000	0.283973	0.895230	2.659075
227	113500000	114000000	0.273699	0.953077	2.550726
228	114000000	114500000	0.433657	0.945291	2.549784
229	114500000	115000000	0.687265	0.934111	2.522054
230	115000000	115500000	0.978868	0.939228	2.399152
231	115500000	116000000	1.499710	0.843440	2.336330
232	116000000	116500000	1.678621	0.898405	2.327565
233	116500000	117000000	1.806113	0.978271	2.300742
234	117000000	117500000	1.718989	1.030135	2.330580
235	117500000	118000000	1.846969	1.085764	2.259969
236	118000000	118500000	1.910164	1.075053	2.093062
237	118500000	119000000	2.098967	0.968376	2.002897
238	119000000	119500000	2.004510	0.990897	1.977530
239	119500000	120000000	1.788743	1.007484	1.858064
240	120000000	120500000	1.539836	0.978024	1.789989
241	120500000	121000000	1.593608	1.047269	1.738160
242	121000000	121500000	1.398406	1.018392	1.722827
243	121500000	122000000	1.210113	1.026871	1.721089
244	122000000	122500000	0.962422	1.232595	1.768411
245	122500000	123000000	0.991173	1.376720	1.774772
246	123000000	123500000	1.287175	1.342588	1.724827
247	123500000	124000000	1.558056	1.353435	1.649091
248	124000000	124500000	1.774764	1.258037	1.482783
249	124500000	125000000	2.139747	1.268053	1.354220
250	125000000	125500000	2.403036	1.315360	1.314271
251	125500000	126000000	2.524988	1.335453	1.264800
252	126000000	126500000	2.284524	1.391148	1.378846
253	126500000	127000000	1.856356	1.505335	1.457979
254	127000000	127500000	1.485004	1.597891	1.554913
255	127500000	128000000	1.402649	1.654387	1.503186
256	128000000	128500000	1.468654	1.611059	1.400460
257	128500000	129000000	1.530657	1.558586	1.303250
258	129000000	129500000	1.664832	1.411845	1.111740
259	129500000	130000000	1.995588	1.207084	0.691731
260	130000000	130500000	2.486840	1.028114	0.335804
261	130500000	131000000	2.903531	0.929596	0.015992
262	131000000	131500000	2.939156	0.915828	-0.025726
263	131500000	132000000	2.904721	1.000506	-0.016082
264	132000000	132500000	2.958971	0.990067	-0.117717
265	132500000	133000000	2.855532	1.084375	-0.093379
266	133000000	133500000	2.868392	1.203929	0.014369
267	133500000	134000000	2.820278	1.253126	0.061058
268	134000000	134500000	2.861055	1.194711	-0.011364
269	134500000	135000000	2.958035	1.160568	-0.122226
270	135000000	135500000	2.889248	1.227195	-0.142061
271	135500000	136000000	2.672399	1.373824	-0.001411
272	136000000	136500000	2.492541	1.588792	0.165918
273	136500000	137000000	2.097988	1.671348	0.306206
274	137000000	137500000	1.751845	1.842848	0.478196
275	137500000	138000000	1.157988	2.015333	0.773752
276	138000000	138500000	0.633852	2.154775	1.026220
277	138500000	139000000	0.161392	2.204658	1.231082
278	139000000	139500000	-0.200783	2.281029	1.334630
279	139500000	140000000	-0.453889	2.285933	1.408422
280	140000000	140500000	-0.563960	2.421223	1.437478
281	140500000	141000000	-0.660796	2.533609	1.541718
282	141000000	141500000	-0.698639	2.662954	1.588981
283	141500000	142000000	-0.756083	2.828467	1.585049
284	142000000	142500000	-0.909412	2.912280	1.487617
285	142500000	143000000	-1.047150	2.974966	1.402854
286	143000000	143500000	-0.599039	2.693172	0.934394
287	143500000	144000000	-0.755239	2.635675	0.878372
288	144000000	144500000	-0.989199	2.556468	0.817385
289	144500000	145000000	-1.004516	2.479144	0.656672
290	145000000	145500000	-0.886327	2.436587	0.631751
291	145500000	146000000	-0.782514	2.399217	0.632984
292	146000000	146500000	-0.732231	2.368229	0.568010
293	146500000	147000000	-1.099380	2.635091	0.866646
294	147000000	147500000	-0.713276	2.662153	0.794312
295	147500000	148000000	-0.325560	2.741413	0.707545
296	148000000	148500000	-0.019695	2.863269	0.728569
297	148500000	149000000	-0.026861	2.820942	0.653164
298	149000000	149500000	-0.003815	2.788245	0.607940
299	149500000	150000000	0.087755	2.729506	0.618835
300	150000000	150500000	-0.056878	2.660486	0.614673
301	150500000	151000000	-0.450256	2.578810	0.644229
302	151000000	151500000	-0.909006	2.519142	0.674719
303	151500000	152000000	-1.284893	2.375787	0.664654
304	152000000	152500000	-1.302357	2.408220	0.621551
305	152500000	153000000	-1.102755	2.498746	0.582056
306	153000000	153500000	-0.968624	2.596312	0.529843
307	153500000	154000000	-0.699045	2.706730	0.484407
308	154000000	154500000	-0.482015	2.882704	0.398750
309	154500000	155000000	-0.095666	2.958068	0.292509
310	155000000	155500000	0.440456	3.063642	0.173857
311	155500000	156000000	0.758010	3.096641	0.068751
312	156000000	156500000	0.960221	3.026387	-0.051743
313	156500000	157000000	1.146934	2.990014	-0.119352
314	157000000	157500000	1.120971	3.007027	-0.180385
315	157500000	158000000	1.216586	2.943183	-0.206712
316	158000000	158500000	1.457539	2.876250	-0.369949
317	158500000	159000000	1.497768	2.810534	-0.517512
318	159000000	159500000	1.577514	2.657061	-0.618621
319	159500000	160000000	1.611397	2.596318	-0.769687
320	160000000	160500000	1.785438	2.467565	-1.000314
321	160500000	161000000	1.979489	2.314505	-1.205585
322	161000000	161500000	2.172123	2.207249	-1.357262
323	161500000	162000000	2.022718	2.267046	-1.348838
324	162000000	162500000	1.870110	2.253165	-1.318347
325	162500000	163000000	1.880067	2.211242	-1.480302
326	163000000	163500000	1.794957	2.217324	-1.399953
327	163500000	164000000	1.527333	2.240930	-1.255052
328	164000000	164500000	1.495978	2.190589	-1.304622
329	164500000	165000000	1.462676	2.141568	-1.428716
330	165000000	165500000	1.480568	1.996023	-1.563187
331	165500000	166000000	1.589437	1.888230	-1.797322
332	166000000	166500000	1.512638	1.887703	-1.854093
333	166500000	167000000	1.529199	1.877503	-1.993541
334	167000000	167500000	1.488344	1.959084	-2.017939
335	167500000	168000000	0.994055	2.094950	-1.798049
336	168000000	168500000	0.783273	2.183119	-1.588301
337	168500000	169000000	0.657290	2.346745	-1.479042
338	169000000	169500000	0.437966	2.560085	-1.282383
339	169500000	170000000	0.377935	2.515792	-1.377053
340	170000000	170500000	0.163214	2.684853	-1.299997
341	170500000	171000000	0.244048	2.651694	-1.481235
342	171000000	171500000	0.597395	2.593031	-1.684745
343	171500000	172000000	0.390429	2.679298	-1.752996
344	172000000	172500000	0.437280	2.647597	-1.842624
345	172500000	173000000	0.365284	2.649064	-1.870175
346	173000000	173500000	0.270545	2.816020	-1.589169
347	173500000	174000000	0.430941	2.618203	-1.768265
348	174000000	174500000	0.423340	2.570984	-1.860914
349	174500000	175000000	0.324851	2.583177	-1.851832
350	175000000	175500000	0.598259	2.503228	-1.999480
351	175500000	176000000	0.492911	2.537788	-1.953277
352	176000000	176500000	0.569410	2.465237	-2.080762
353	176500000	177000000	0.480856	2.483646	-2.242955
354	177000000	177500000	0.335534	2.545514	-2.248330
355	177500000	178000000	0.199718	2.633703	-2.108847
356	178000000	178500000	0.064922	2.685813	-2.104591
357	178500000	179000000	-0.058180	2.715242	-1.975293
358	179000000	179500000	-0.118576	2.661502	-1.965836
359	179500000	180000000	-0.251136	2.650868	-1.928050
360	180000000	180500000	-0.404024	2.642523	-1.850097
361	180500000	181000000	-0.555791	2.687854	-1.714901
362	181000000	181500000	-0.738817	2.696091	-1.636023
363	181500000	182000000	-0.810676	2.645982	-1.532155
364	182000000	182500000	-0.963558	2.624451	-1.509735
365	182500000	183000000	-1.187553	2.581109	-1.386470
366	183000000	183500000	-1.358636	2.561554	-1.185822
367	183500000	184000000	-1.430956	2.566000	-0.975729
368	184000000	184500000	-1.436570	2.560110	-0.857092
369	184500000	185000000	-1.368720	2.528188	-0.815999
370	185000000	185500000	-1.264979	2.487578	-1.116350
371	185500000	186000000	-1.150153	2.431773	-1.379083
372	186000000	186500000	-1.027957	2.435380	-1.656336
373	186500000	187000000	-0.951172	2.413539	-1.963163
374	187000000	187500000	-0.872054	2.359005	-2.310554
375	187500000	188000000	-0.895469	2.345310	-2.524739
376	188000000	188500000	-0.276944	1.903820	-2.749651
377	188500000	189000000	0.284344	1.511536	-2.697703
378	189000000	189500000	0.431279	1.388619	-2.680084
379	189500000	190000000	0.715560	1.210231	-2.680832
380	190000000	190500000	1.216092	0.938725	-2.662525
