# Chromosome: chr20, Resolution: 500000bp
# Generated: 2026-09-02 10:53:02
bin	start	end	x	y	z
0	0	500000	0.343937	2.660706	0.781205
1	500000	1000000	0.252425	2.574082	0.895549
2	1000000	1500000	0.238715	2.602253	0.994324
3	1500000	2000000	0.144538	2.615160	1.099041
4	2000000	2500000	-0.008094	2.556266	1.283521
5	2500000	3000000	-0.213200	2.444167	1.271717
6	3000000	3500000	-0.352474	2.399693	1.261850
7	3500000	4000000	-0.468987	2.326784	1.090382
8	4000000	4500000	-0.568042	2.385587	0.908693
9	4500000	5000000	-0.783177	2.288779	0.552399
10	5000000	5500000	-0.863006	2.264706	0.033190
11	5500000	6000000	-0.976391	2.251673	-0.483631
12	6000000	6500000	-1.081387	2.401003	-0.864788
13	6500000	7000000	-1.224581	2.503545	-1.155092
14	7000000	7500000	-1.306668	2.522948	-1.392726
15	7500000	8000000	-1.454667	2.413995	-1.666672
16	8000000	8500000	-1.554687	2.358879	-1.829386
17	8500000	9000000	-1.629656	2.187211	-1.762963
18	9000000	9500000	-1.717798	2.075250	-1.658818
19	9500000	10000000	-1.669441	1.823094	-1.628575
20	10000000	10500000	-1.686971	1.539407	-1.835689
21	10500000	11000000	-1.826515	1.393564	-2.023598
22	11000000	11500000	-1.940747	1.226601	-2.150690
23	11500000	12000000	-2.001125	1.141291	-2.057248
24	12000000	12500000	-2.155544	1.157812	-1.932255
25	12500000	13000000	-2.394583	1.096798	-1.923257
26	13000000	13500000	-2.618946	1.135894	-1.683443
27	13500000	14000000	-2.789389	1.214635	-1.361743
28	14000000	14500000	-2.903071	1.187717	-1.045134
29	14500000	15000000	-2.893284	1.176461	-0.789687
30	15000000	15500000	-2.885058	1.106101	-0.654377
31	15500000	16000000	-2.883534	0.887629	-0.663944
32	16000000	16500000	-2.780848	0.871406	-0.298418
33	16500000	17000000	-2.647808	0.790614	-0.185638
34	17000000	17500000	-2.535634	0.716123	0.018416
35	17500000	18000000	-2.488686	0.691234	0.169487
36	18000000	18500000	-2.476669	0.691153	0.401405
37	18500000	19000000	-2.526940	0.637181	0.615969
38	19000000	19500000	-2.633352	0.601128	0.749361
39	19500000	20000000	-2.639525	0.387299	0.555976
40	20000000	20500000	-2.644368	0.177925	0.254262
41	20500000	21000000	-2.588510	-0.075728	-0.167369
42	21000000	21500000	-2.591754	-0.275219	-0.407089
43	21500000	22000000	-2.474249	-0.431331	-0.558879
44	22000000	22500000	-2.225924	-0.514813	-0.870405
45	22500000	23000000	-1.923670	-0.546608	-1.119942
46	23000000	23500000	-1.787103	-0.752670	-1.435774
47	23500000	24000000	-1.450893	-0.557826	-1.560195
48	24000000	24500000	-1.176170	-0.353940	-1.749792
49	24500000	25000000	-0.772172	-0.064500	-2.219051
50	25000000	25500000	-0.087271	0.580054	-2.641842
51	25500000	26000000	0.614716	1.200017	-2.844691
52	26000000	26500000	1.444690	1.695488	-3.046181
53	26500000	27000000	2.388483	2.149801	-3.242913
54	27000000	27500000	2.662201	1.956745	-3.526312
55	27500000	28000000	2.881667	1.720031	-3.647347
56	28000000	28500000	3.028444	1.375861	-3.551202
57	28500000	29000000	2.666535	0.578898	-3.711004
58	29000000	29500000	2.155387	-0.274444	-3.892867
59	29500000	30000000	1.627601	-0.826533	-3.874379
60	30000000	30500000	1.226417	-0.974366	-3.423524
61	30500000	31000000	1.223308	-0.714613	-2.650837
62	31000000	31500000	1.282895	-0.436594	-1.884666
63	31500000	32000000	1.414923	-0.090494	-1.080707
64	32000000	32500000	1.729458	0.426964	-0.204633
65	32500000	33000000	2.099269	1.042235	0.649512
66	33000000	33500000	2.378571	1.493845	1.437276
67	33500000	34000000	2.389589	1.648221	1.960659
68	34000000	34500000	2.404519	1.708984	2.331243
69	34500000	35000000	2.371945	1.751049	2.646047
70	35000000	35500000	2.264837	1.799007	2.957081
71	35500000	36000000	2.034289	1.615813	3.228672
72	36000000	36500000	1.716262	1.368247	3.348919
73	36500000	37000000	1.357770	1.109326	3.382198
74	37000000	37500000	1.044542	0.853246	3.275524
75	37500000	38000000	0.554871	0.474920	2.987535
76	38000000	38500000	0.126245	0.082878	2.758119
77	38500000	39000000	-0.305937	-0.389438	2.386188
78	39000000	39500000	-0.648262	-0.741625	2.091708
79	39500000	40000000	-0.971671	-1.077673	2.110895
80	40000000	40500000	-1.168197	-1.396423	1.965847
81	40500000	41000000	-1.265882	-1.688920	1.767400
82	41000000	41500000	-1.296683	-1.917012	1.663693
83	41500000	42000000	-1.193832	-1.943050	1.596869
84	42000000	42500000	-1.000057	-1.811296	1.795362
85	42500000	43000000	-0.824228	-1.749617	1.914037
86	43000000	43500000	-0.582153	-1.640972	1.940564
87	43500000	44000000	-0.323762	-1.532993	2.038805
88	44000000	44500000	-0.089655	-1.310214	2.176967
89	44500000	45000000	0.211681	-1.073497	2.494185
90	45000000	45500000	0.533649	-1.041710	2.572845
91	45500000	46000000	0.724482	-1.133816	2.573528
92	46000000	46500000	0.948847	-1.156429	2.675501
93	46500000	47000000	1.126636	-1.249138	2.552758
94	47000000	47500000	1.270329	-1.208920	2.558201
95	47500000	48000000	1.572072	-1.337636	2.622271
96	48000000	48500000	1.786713	-1.390389	2.542320
97	48500000	49000000	1.881072	-1.313329	2.517082
98	49000000	49500000	1.883485	-1.341225	2.353050
99	49500000	50000000	1.718900	-1.482700	2.043956
100	50000000	50500000	1.536787	-1.500429	1.741478
101	50500000	51000000	1.219660	-1.849009	1.328643
102	51000000	51500000	0.685812	-2.062292	0.884919
103	51500000	52000000	0.268919	-2.242373	0.498030
104	52000000	52500000	-0.047586	-2.449908	0.310824
105	52500000	53000000	-0.239032	-2.528112	0.038271
106	53000000	53500000	-0.394817	-2.638502	-0.273305
107	53500000	54000000	-0.475280	-2.868190	-0.537912
108	54000000	54500000	-0.457512	-2.793158	-0.774459
109	54500000	55000000	-0.273079	-2.763575	-0.813847
110	55000000	55500000	-0.129696	-2.663738	-0.875385
111	55500000	56000000	0.006298	-2.547953	-0.941464
112	56000000	56500000	0.208989	-2.512252	-0.848083
113	56500000	57000000	0.551631	-2.297869	-0.675174
114	57000000	57500000	0.870419	-2.015767	-0.477117
115	57500000	58000000	1.134378	-1.884050	-0.243946
116	58000000	58500000	1.248861	-1.769679	-0.216362
117	58500000	59000000	1.269760	-1.823387	-0.402773
118	59000000	59500000	1.257604	-1.966190	-0.708317
119	59500000	60000000	1.272666	-2.014202	-1.033320
120	60000000	60500000	1.232230	-2.146097	-1.247451
121	60500000	61000000	1.418177	-2.154233	-1.242941
122	61000000	61500000	1.592901	-1.972471	-1.162201
123	61500000	62000000	1.954404	-1.695404	-0.963210
124	62000000	62500000	2.431222	-1.380816	-0.631758
125	62500000	63000000	3.083899	-1.015122	-0.500587
126	63000000	63500000	3.393269	-0.766458	-0.243650
127	63500000	64000000	3.780058	-0.405980	0.021961
128	64000000	64500000	3.961563	-0.135755	0.073800
