# Chromosome: chr17, Resolution: 500000bp
# Generated: 2026-09-14 17:15:54
bin	start	end	x	y	z
0	0	500000	1.119407	-0.119150	3.441831
1	500000	1000000	0.986123	-0.255335	3.275448
2	1000000	1500000	0.945437	-0.195134	3.079420
3	1500000	2000000	0.931990	0.017294	2.891746
4	2000000	2500000	0.677203	-0.193515	2.652672
5	2500000	3000000	0.568810	-0.339137	2.663001
6	3000000	3500000	0.432279	-0.258882	2.502267
7	3500000	4000000	0.381241	-0.179467	2.358773
8	4000000	4500000	0.405130	0.065375	2.200059
9	4500000	5000000	0.397763	0.205929	2.115770
10	5000000	5500000	0.328713	0.083808	2.079050
11	5500000	6000000	0.285112	0.093371	2.066406
12	6000000	6500000	0.256495	0.146805	2.044369
13	6500000	7000000	0.214921	0.270966	1.936688
14	7000000	7500000	0.166379	0.449829	1.842964
15	7500000	8000000	0.087537	0.516830	1.775994
16	8000000	8500000	-0.003122	0.619333	1.633401
17	8500000	9000000	-0.034157	0.790150	1.464222
18	9000000	9500000	0.003473	1.113131	1.129711
19	9500000	10000000	0.110623	1.606504	0.797143
20	10000000	10500000	0.195293	2.000724	0.504823
21	10500000	11000000	0.232562	2.230693	0.319154
22	11000000	11500000	0.204243	2.417025	0.211182
23	11500000	12000000	0.217697	2.603216	0.130576
24	12000000	12500000	0.236968	2.833447	0.111524
25	12500000	13000000	0.237433	2.917061	0.074017
26	13000000	13500000	0.160642	2.932853	0.002756
27	13500000	14000000	0.096688	2.914698	0.028790
28	14000000	14500000	-0.006955	2.930752	0.100719
29	14500000	15000000	-0.070625	2.702498	0.207722
30	15000000	15500000	-0.189237	2.523759	0.437425
31	15500000	16000000	-0.360008	2.201578	0.626703
32	16000000	16500000	-0.532235	1.928430	0.912569
33	16500000	17000000	-0.705670	1.559521	1.275284
34	17000000	17500000	-0.882261	1.359677	1.636961
35	17500000	18000000	-0.997490	1.207001	1.796792
36	18000000	18500000	-1.069961	1.256007	1.759134
37	18500000	19000000	-1.141675	1.296780	1.663902
38	19000000	19500000	-1.174118	1.507302	1.522748
39	19500000	20000000	-1.115458	1.677585	1.283921
40	20000000	20500000	-0.941989	2.137808	0.954705
41	20500000	21000000	-0.746548	2.475259	0.500686
42	21000000	21500000	-0.376048	2.844906	0.121637
43	21500000	22000000	0.488469	3.070274	-0.023227
44	22000000	22500000	1.447299	3.023348	-0.199985
45	22500000	23000000	2.432842	2.737857	-0.365404
46	23000000	23500000	3.320647	2.334969	-0.591742
47	23500000	24000000	4.058146	1.593883	-0.894816
48	24000000	24500000	4.770068	0.945961	-1.241484
49	24500000	25000000	5.300510	0.508874	-1.546756
50	25000000	25500000	4.848082	0.643933	-1.710131
51	25500000	26000000	3.920196	0.638569	-1.698001
52	26000000	26500000	2.970509	0.740961	-1.574738
53	26500000	27000000	2.035823	0.930789	-1.305975
54	27000000	27500000	1.109278	1.052464	-0.773512
55	27500000	28000000	0.159855	1.082768	-0.154417
56	28000000	28500000	-0.837756	0.839317	0.442242
57	28500000	29000000	-1.400599	0.179476	0.816732
58	29000000	29500000	-1.594778	-0.200426	1.073408
59	29500000	30000000	-1.786498	-0.450228	1.186004
60	30000000	30500000	-1.975993	-0.548130	1.265623
61	30500000	31000000	-2.134312	-0.494307	1.183356
62	31000000	31500000	-2.228182	-0.369881	1.025072
63	31500000	32000000	-2.208965	-0.126853	0.800029
64	32000000	32500000	-2.186074	0.156955	0.589024
65	32500000	33000000	-2.157748	0.427241	0.358612
66	33000000	33500000	-2.126503	0.626422	0.216622
67	33500000	34000000	-2.057371	0.693166	0.170207
68	34000000	34500000	-2.120865	0.731714	0.259496
69	34500000	35000000	-1.200739	1.052641	0.668485
70	35000000	35500000	-0.268228	1.164257	1.083469
71	35500000	36000000	0.759688	1.084629	1.431676
72	36000000	36500000	1.776685	0.801332	1.768327
73	36500000	37000000	2.759227	0.417697	2.140030
74	37000000	37500000	2.765992	0.013655	2.403950
75	37500000	38000000	2.969826	-0.236808	2.441254
76	38000000	38500000	2.156094	-0.878290	2.210726
77	38500000	39000000	1.260480	-1.409249	1.999387
78	39000000	39500000	0.155979	-1.640567	1.744371
79	39500000	40000000	-1.110333	-1.299807	1.422804
80	40000000	40500000	-2.023386	-1.176148	1.145831
81	40500000	41000000	-2.013315	-1.046517	0.958661
82	41000000	41500000	-1.972840	-1.077646	0.909224
83	41500000	42000000	-1.875945	-1.005854	0.856178
84	42000000	42500000	-1.746467	-0.864390	0.808381
85	42500000	43000000	-1.558716	-0.988346	0.888168
86	43000000	43500000	-1.133639	-1.458596	1.024225
87	43500000	44000000	-1.083912	-1.706331	1.095202
88	44000000	44500000	-0.184512	-1.550413	1.402189
89	44500000	45000000	0.730134	-1.641023	1.274738
90	45000000	45500000	0.611824	-1.963192	0.942702
91	45500000	46000000	0.469452	-2.158282	0.836955
92	46000000	46500000	0.407000	-2.225658	0.705067
93	46500000	47000000	0.245307	-2.247380	0.512934
94	47000000	47500000	0.109984	-2.093002	0.288745
95	47500000	48000000	-0.751026	-2.231425	-0.247693
96	48000000	48500000	-1.690733	-2.114736	-0.322650
97	48500000	49000000	-1.637843	-1.736234	-0.178569
98	49000000	49500000	-1.602709	-1.526146	-0.252879
99	49500000	50000000	-1.548850	-1.126188	-0.422842
100	50000000	50500000	-1.373385	-0.608763	-0.607487
101	50500000	51000000	-1.118659	-0.078691	-0.885733
102	51000000	51500000	-0.989693	0.435323	-1.210819
103	51500000	52000000	-0.854810	0.976992	-1.560768
104	52000000	52500000	-0.699673	1.437545	-1.871593
105	52500000	53000000	-0.485036	1.837719	-2.163213
106	53000000	53500000	-0.384055	2.015971	-2.299373
107	53500000	54000000	-0.408582	1.940184	-2.295321
108	54000000	54500000	-0.484740	1.832890	-2.229972
109	54500000	55000000	-0.516006	1.700298	-2.143474
110	55000000	55500000	-0.601966	1.451920	-1.985371
111	55500000	56000000	-0.777728	1.114217	-1.823309
112	56000000	56500000	-0.995610	0.798633	-1.661567
113	56500000	57000000	-1.134023	0.421211	-1.516066
114	57000000	57500000	-1.211285	0.164510	-1.454394
115	57500000	58000000	-1.290185	-0.195219	-1.352462
116	58000000	58500000	-1.406632	-0.615669	-1.272296
117	58500000	59000000	-1.467497	-0.893271	-1.302610
118	59000000	59500000	-1.467385	-0.931706	-1.409033
119	59500000	60000000	-1.435738	-0.929698	-1.540130
120	60000000	60500000	-1.403135	-0.905460	-1.688270
121	60500000	61000000	-1.335030	-0.902865	-1.832651
122	61000000	61500000	-1.244742	-0.760604	-1.959999
123	61500000	62000000	-1.148862	-0.529836	-2.074510
124	62000000	62500000	-1.054712	-0.491689	-2.016534
125	62500000	63000000	-0.925028	-0.672275	-1.931311
126	63000000	63500000	-0.800985	-0.880823	-1.859884
127	63500000	64000000	-0.635021	-0.863439	-1.824302
128	64000000	64500000	-0.515540	-0.746659	-1.840945
129	64500000	65000000	-0.416202	-0.750279	-1.901237
130	65000000	65500000	-0.315108	-0.739908	-1.912696
131	65500000	66000000	-0.250375	-0.706387	-1.984657
132	66000000	66500000	-0.196149	-0.649243	-1.995591
133	66500000	67000000	-0.122814	-0.545444	-2.003444
134	67000000	67500000	-0.064627	-0.445138	-2.079857
135	67500000	68000000	0.040859	-0.494416	-2.074077
136	68000000	68500000	0.098752	-0.356293	-2.082953
137	68500000	69000000	0.221629	-0.272693	-2.218397
138	69000000	69500000	0.387748	0.002024	-2.368592
139	69500000	70000000	0.533822	0.315787	-2.574243
140	70000000	70500000	0.683924	0.551234	-2.736648
141	70500000	71000000	0.738537	0.569961	-2.688940
142	71000000	71500000	0.774329	0.600489	-2.645690
143	71500000	72000000	0.818599	0.453730	-2.499690
144	72000000	72500000	0.820138	0.399856	-2.247180
145	72500000	73000000	0.758789	0.208866	-1.973002
146	73000000	73500000	0.672894	-0.117248	-1.634275
147	73500000	74000000	0.506361	-0.540261	-1.224456
148	74000000	74500000	0.420674	-0.962090	-0.918750
149	74500000	75000000	0.320221	-1.389048	-0.630175
150	75000000	75500000	0.274692	-1.728308	-0.455434
151	75500000	76000000	0.273580	-2.144885	-0.278273
152	76000000	76500000	0.344299	-2.443810	-0.211166
153	76500000	77000000	0.433442	-2.654868	-0.124638
154	77000000	77500000	0.547636	-2.659131	-0.102459
155	77500000	78000000	0.749263	-2.557084	-0.179135
156	78000000	78500000	0.932041	-2.412096	-0.240089
157	78500000	79000000	1.040484	-2.398538	-0.151235
158	79000000	79500000	1.066997	-2.365515	-0.060419
159	79500000	80000000	1.084644	-2.450050	0.099123
160	80000000	80500000	1.087557	-2.475351	0.248001
161	80500000	81000000	1.094583	-2.587592	0.425191
162	81000000	81500000	1.057633	-2.666000	0.670353
163	81500000	82000000	1.291583	-2.917375	0.737928
164	82000000	82500000	1.330410	-2.974413	0.805498
165	82500000	83000000	1.412665	-3.050651	0.885138
166	83000000	83500000	1.493612	-3.039280	0.931074
