# Chromosome: chr16, Resolution: 500000bp
# Generated: 2026-09-14 17:14:33
bin	start	end	x	y	z
0	0	500000	-3.940673	-0.387198	-0.762306
1	500000	1000000	-3.932141	-0.467511	-0.808015
2	1000000	1500000	-3.884817	-0.503990	-0.897133
3	1500000	2000000	-3.742341	-0.449754	-0.914854
4	2000000	2500000	-3.513244	-0.325400	-0.962982
5	2500000	3000000	-3.334848	-0.215669	-1.021710
6	3000000	3500000	-3.044866	-0.269946	-1.104139
7	3500000	4000000	-2.527229	0.006806	-1.075612
8	4000000	4500000	-1.904837	0.465972	-0.999783
9	4500000	5000000	-1.301665	0.965461	-0.876201
10	5000000	5500000	-0.790937	1.393360	-0.797734
11	5500000	6000000	-0.316907	1.851070	-0.705240
12	6000000	6500000	0.182201	2.173778	-0.695001
13	6500000	7000000	0.539336	2.557582	-0.626268
14	7000000	7500000	0.478462	2.502704	-0.651421
15	7500000	8000000	0.325827	2.378067	-0.722128
16	8000000	8500000	0.185409	2.235980	-0.821841
17	8500000	9000000	-0.054549	2.074505	-0.903059
18	9000000	9500000	-0.437431	1.869763	-1.020756
19	9500000	10000000	-0.880989	1.547879	-1.153768
20	10000000	10500000	-1.333722	1.221703	-1.353370
21	10500000	11000000	-1.382235	1.165815	-1.483943
22	11000000	11500000	-1.350371	1.179135	-1.603931
23	11500000	12000000	-1.295424	1.276608	-1.649009
24	12000000	12500000	-1.258540	1.307700	-1.727509
25	12500000	13000000	-1.307075	1.260525	-1.764651
26	13000000	13500000	-1.732293	1.380506	-1.105565
27	13500000	14000000	-2.088209	1.610190	-0.362165
28	14000000	14500000	-2.560225	1.939260	0.342883
29	14500000	15000000	-3.136098	2.244625	0.907068
30	15000000	15500000	-3.751612	2.482974	1.300697
31	15500000	16000000	-3.860061	2.345890	1.343725
32	16000000	16500000	-3.667906	2.474688	1.299056
33	16500000	17000000	-3.133675	2.809660	0.567597
34	17000000	17500000	-2.759076	2.778874	-0.240737
35	17500000	18000000	-2.262684	2.514395	-1.019286
36	18000000	18500000	-1.700469	2.117423	-1.672484
37	18500000	19000000	-1.075514	1.745191	-2.177104
38	19000000	19500000	-1.015370	1.734608	-2.390497
39	19500000	20000000	-1.142421	1.592620	-2.553206
40	20000000	20500000	-1.200463	1.081646	-2.684327
41	20500000	21000000	-1.115151	0.823742	-2.733888
42	21000000	21500000	-1.049799	0.779550	-2.825546
43	21500000	22000000	-1.121067	0.614904	-2.888253
44	22000000	22500000	-1.288592	0.313991	-2.958625
45	22500000	23000000	-1.146744	0.224203	-2.952424
46	23000000	23500000	-0.988352	0.108443	-2.909394
47	23500000	24000000	-0.726819	0.184952	-2.754645
48	24000000	24500000	-0.405886	0.432012	-2.589259
49	24500000	25000000	-0.221697	0.594694	-2.390634
50	25000000	25500000	0.003694	0.843592	-2.258799
51	25500000	26000000	0.076142	0.932913	-2.166160
52	26000000	26500000	0.013442	0.899684	-2.027950
53	26500000	27000000	-0.100035	0.850664	-1.972979
54	27000000	27500000	-0.421868	0.636761	-2.043929
55	27500000	28000000	-0.975181	0.275044	-2.192543
56	28000000	28500000	-1.495156	-0.215168	-2.291853
57	28500000	29000000	-2.006333	-0.616736	-2.360728
58	29000000	29500000	-2.256189	-0.744610	-2.361456
59	29500000	30000000	-2.362066	-0.746055	-2.269394
60	30000000	30500000	-2.200496	-0.423288	-1.975903
61	30500000	31000000	-2.010699	0.460855	-1.488165
62	31000000	31500000	-1.705099	1.346911	-0.781433
63	31500000	32000000	-1.423500	2.298792	-0.019125
64	32000000	32500000	-0.940901	3.164525	0.570351
65	32500000	33000000	-0.365679	3.929346	0.999948
66	33000000	33500000	0.160264	4.371914	1.276306
67	33500000	34000000	0.466712	4.471385	1.364555
68	34000000	34500000	0.916759	4.082239	1.310590
69	34500000	35000000	1.450731	3.833030	1.311157
70	35000000	35500000	1.704509	3.634757	1.547223
71	35500000	36000000	1.722550	3.357938	2.089008
72	36000000	36500000	1.575147	3.004829	2.789901
73	36500000	37000000	1.292124	2.693582	3.550371
74	37000000	37500000	1.051403	2.313836	4.409244
75	37500000	38000000	0.790869	1.798639	5.234099
76	38000000	38500000	0.440521	1.020475	5.787548
77	38500000	39000000	0.247334	0.088174	5.930579
78	39000000	39500000	-0.010834	-0.778342	5.900633
79	39500000	40000000	-0.423371	-1.533395	5.773121
80	40000000	40500000	-0.952474	-2.088727	5.540086
81	40500000	41000000	-1.594639	-2.419091	5.235241
82	41000000	41500000	-2.286175	-2.481598	4.923642
83	41500000	42000000	-2.904508	-2.286638	4.699047
84	42000000	42500000	-3.337804	-1.883853	4.607197
85	42500000	43000000	-3.568221	-1.308678	4.611807
86	43000000	43500000	-3.614824	-0.586290	4.659609
87	43500000	44000000	-3.478248	0.238207	4.721809
88	44000000	44500000	-3.139877	1.056319	4.815151
89	44500000	45000000	-2.163544	1.598683	4.507527
90	45000000	45500000	-1.449659	1.680430	3.777854
91	45500000	46000000	-0.792649	1.627696	2.840255
92	46000000	46500000	-0.163489	1.570207	1.976067
93	46500000	47000000	0.359714	1.290256	1.077619
94	47000000	47500000	0.909233	0.928684	0.248767
95	47500000	48000000	1.419149	0.481342	-0.599867
96	48000000	48500000	1.316993	0.111782	-1.059833
97	48500000	49000000	1.378945	0.001112	-1.205838
98	49000000	49500000	1.409230	-0.046368	-1.172138
99	49500000	50000000	1.504319	-0.012311	-1.170815
100	50000000	50500000	1.713025	0.091859	-1.116121
101	50500000	51000000	1.889268	0.151465	-1.067900
102	51000000	51500000	2.044861	0.169608	-1.034329
103	51500000	52000000	2.097007	0.103673	-1.105921
104	52000000	52500000	2.245116	0.132994	-1.075902
105	52500000	53000000	2.427671	0.212482	-1.053729
106	53000000	53500000	2.524521	0.188228	-1.049431
107	53500000	54000000	2.509122	0.129246	-1.079073
108	54000000	54500000	2.568806	-0.014385	-1.200405
109	54500000	55000000	2.400917	-0.168524	-1.228651
110	55000000	55500000	2.222140	-0.327375	-1.212277
111	55500000	56000000	1.940047	-0.575685	-1.276627
112	56000000	56500000	1.704986	-0.810009	-1.352951
113	56500000	57000000	1.505355	-1.069796	-1.463260
114	57000000	57500000	1.479733	-1.221573	-1.469152
115	57500000	58000000	1.490037	-1.164179	-1.297918
116	58000000	58500000	1.751802	-0.983205	-1.095145
117	58500000	59000000	2.137885	-0.616608	-0.782370
118	59000000	59500000	2.599007	-0.226859	-0.425475
119	59500000	60000000	2.920124	0.083077	-0.106742
120	60000000	60500000	3.197315	0.271372	0.164464
121	60500000	61000000	3.329135	0.410454	0.383034
122	61000000	61500000	3.340031	0.360970	0.471824
123	61500000	62000000	3.299593	0.281633	0.551803
124	62000000	62500000	3.284401	0.136630	0.663419
125	62500000	63000000	3.198126	0.110780	0.738822
126	63000000	63500000	3.139988	0.087927	0.798363
127	63500000	64000000	3.027045	0.124704	0.846632
128	64000000	64500000	2.906805	0.169453	0.827073
129	64500000	65000000	2.633530	0.138706	0.741701
130	65000000	65500000	2.217963	-0.104704	0.465040
131	65500000	66000000	1.702483	-0.410016	0.097690
132	66000000	66500000	1.170605	-0.811855	-0.253305
133	66500000	67000000	0.670871	-1.263313	-0.583784
134	67000000	67500000	0.273192	-1.688621	-0.904955
135	67500000	68000000	-0.123714	-2.183008	-1.187247
136	68000000	68500000	-0.356790	-2.560398	-1.365348
137	68500000	69000000	-0.383114	-2.800517	-1.363413
138	69000000	69500000	-0.181493	-2.946155	-1.272456
139	69500000	70000000	0.193223	-2.986903	-1.152606
140	70000000	70500000	0.387726	-2.915866	-1.116795
141	70500000	71000000	0.660504	-2.790696	-1.024459
142	71000000	71500000	0.956698	-2.649282	-0.941090
143	71500000	72000000	1.285799	-2.465151	-0.808511
144	72000000	72500000	1.633435	-2.188171	-0.646645
145	72500000	73000000	1.737565	-1.989410	-0.596261
146	73000000	73500000	1.650317	-1.931505	-0.655093
147	73500000	74000000	1.734013	-1.980007	-0.559101
148	74000000	74500000	1.777631	-2.011390	-0.453943
149	74500000	75000000	1.960458	-1.955322	-0.216619
150	75000000	75500000	2.043667	-1.961301	-0.039930
151	75500000	76000000	2.056936	-1.981841	0.028971
152	76000000	76500000	2.118447	-1.910841	0.144961
153	76500000	77000000	2.224962	-1.774980	0.348214
154	77000000	77500000	2.344266	-1.637032	0.512809
155	77500000	78000000	2.363356	-1.499579	0.665697
156	78000000	78500000	2.230958	-1.403262	0.725465
157	78500000	79000000	2.133877	-1.292137	0.787739
158	79000000	79500000	1.956086	-1.299348	0.823238
159	79500000	80000000	1.773569	-1.371866	0.788813
160	80000000	80500000	1.609144	-1.499490	0.734328
161	80500000	81000000	1.538007	-1.543521	0.724240
162	81000000	81500000	1.448372	-1.523959	0.741200
163	81500000	82000000	1.353109	-1.457973	0.693892
164	82000000	82500000	1.181430	-1.473548	0.624424
165	82500000	83000000	0.999574	-1.507623	0.538341
166	83000000	83500000	0.812812	-1.538430	0.485657
167	83500000	84000000	0.652095	-1.597046	0.498289
168	84000000	84500000	0.339472	-1.690260	0.401571
169	84500000	85000000	0.111419	-1.829270	0.350493
170	85000000	85500000	-0.070255	-1.969388	0.360727
171	85500000	86000000	-0.248472	-2.021423	0.330524
172	86000000	86500000	-0.449086	-2.080519	0.301930
173	86500000	87000000	-0.551577	-2.180440	0.401217
174	87000000	87500000	-0.793220	-2.260020	0.338781
175	87500000	88000000	-1.016150	-2.339739	0.299853
176	88000000	88500000	-1.332969	-2.493993	0.153727
177	88500000	89000000	-1.738775	-2.842466	0.197584
178	89000000	89500000	-1.954068	-3.064153	0.147183
179	89500000	90000000	-2.093287	-3.236512	0.185719
180	90000000	90500000	-2.340286	-3.338015	0.100918
