# Chromosome: chr18, Resolution: 500000bp
# Generated: 2026-08-26 10:19:49
bin	start	end	x	y	z
0	0	500000	-0.533083	2.793366	-1.171597
1	500000	1000000	-0.408279	2.676144	-1.233213
2	1000000	1500000	-0.515071	2.345387	-1.497474
3	1500000	2000000	-0.623596	2.134511	-1.700719
4	2000000	2500000	-0.447763	1.963419	-1.893848
5	2500000	3000000	-0.403251	1.887321	-2.108391
6	3000000	3500000	-0.553520	1.548992	-2.400611
7	3500000	4000000	-0.624377	1.414840	-2.568551
8	4000000	4500000	-0.693379	1.467912	-2.706805
9	4500000	5000000	-0.682762	1.616251	-2.677165
10	5000000	5500000	-0.535186	1.806264	-2.498463
11	5500000	6000000	-0.593343	2.074875	-2.285208
12	6000000	6500000	-0.646239	2.287103	-2.180217
13	6500000	7000000	-0.698425	2.372911	-1.977101
14	7000000	7500000	-0.837543	2.301927	-1.868246
15	7500000	8000000	-1.057104	2.147345	-1.893222
16	8000000	8500000	-1.241320	2.051015	-1.881614
17	8500000	9000000	-1.494686	1.855252	-1.947449
18	9000000	9500000	-1.714413	1.518752	-2.055874
19	9500000	10000000	-1.867074	1.198564	-2.141953
20	10000000	10500000	-2.030392	0.944866	-2.272527
21	10500000	11000000	-2.199745	0.893361	-2.301753
22	11000000	11500000	-2.335641	0.811975	-2.152263
23	11500000	12000000	-2.372583	0.828963	-1.962198
24	12000000	12500000	-2.427544	1.040002	-1.753546
25	12500000	13000000	-2.418176	1.393968	-1.486961
26	13000000	13500000	-2.483480	1.774716	-1.056429
27	13500000	14000000	-2.719148	2.066996	-0.483207
28	14000000	14500000	-3.095852	1.952478	-0.076953
29	14500000	15000000	-3.394984	1.631053	0.257312
30	15000000	15500000	-3.693632	1.171844	0.618797
31	15500000	16000000	-3.965059	0.593265	1.050234
32	16000000	16500000	-4.202082	0.106286	1.523159
33	16500000	17000000	-4.401311	-0.275758	1.906076
34	17000000	17500000	-4.290130	-0.337341	2.209848
35	17500000	18000000	-3.891361	0.027938	2.596466
36	18000000	18500000	-3.351180	0.724157	2.999010
37	18500000	19000000	-2.775075	1.605780	3.252736
38	19000000	19500000	-2.294456	2.474868	3.182412
39	19500000	20000000	-1.868496	2.904204	2.773767
40	20000000	20500000	-1.594157	2.929639	2.252634
41	20500000	21000000	-1.312918	2.858366	1.737820
42	21000000	21500000	-1.118181	2.535755	1.142370
43	21500000	22000000	-1.281129	1.968681	0.482257
44	22000000	22500000	-1.484621	1.328842	-0.120215
45	22500000	23000000	-1.547097	0.738704	-0.482993
46	23000000	23500000	-1.409702	0.505517	-0.518846
47	23500000	24000000	-1.126267	0.662926	-0.436680
48	24000000	24500000	-0.930760	0.660271	-0.428799
49	24500000	25000000	-1.051419	0.554510	-0.442507
50	25000000	25500000	-0.669783	0.832328	-0.278201
51	25500000	26000000	-0.222525	1.162320	-0.126064
52	26000000	26500000	0.177914	1.422048	0.049382
53	26500000	27000000	0.434664	1.648668	0.115757
54	27000000	27500000	0.709055	1.751237	0.237071
55	27500000	28000000	0.974373	1.908446	0.382225
56	28000000	28500000	1.472957	2.241414	0.574994
57	28500000	29000000	1.694946	2.257674	0.582714
58	29000000	29500000	1.774522	2.160522	0.593140
59	29500000	30000000	1.752393	2.051038	0.432793
60	30000000	30500000	1.649186	1.765843	0.072113
61	30500000	31000000	1.543604	1.507633	-0.282891
62	31000000	31500000	1.591516	1.431718	-0.622153
63	31500000	32000000	1.659313	1.320042	-0.865997
64	32000000	32500000	1.672067	1.234392	-1.143404
65	32500000	33000000	1.790549	1.205395	-1.452076
66	33000000	33500000	1.905074	1.106374	-1.602171
67	33500000	34000000	1.902889	1.035655	-1.597734
68	34000000	34500000	1.904377	0.891612	-1.768197
69	34500000	35000000	1.712971	0.548541	-1.890252
70	35000000	35500000	1.548116	0.326793	-1.928861
71	35500000	36000000	1.462411	0.229170	-1.751169
72	36000000	36500000	1.533456	0.141324	-1.490447
73	36500000	37000000	1.597099	0.163644	-1.247766
74	37000000	37500000	1.859347	0.207142	-1.127773
75	37500000	38000000	2.155753	0.397655	-0.769788
76	38000000	38500000	2.501511	0.531381	-0.441306
77	38500000	39000000	2.797987	0.595017	-0.279416
78	39000000	39500000	3.091718	0.550254	-0.273840
79	39500000	40000000	3.002098	0.490891	-0.303758
80	40000000	40500000	2.931249	0.371503	-0.403770
81	40500000	41000000	2.802988	0.224838	-0.454560
82	41000000	41500000	2.692983	-0.097435	-0.647673
83	41500000	42000000	2.609151	-0.333812	-0.767395
84	42000000	42500000	2.559071	-0.583465	-0.955107
85	42500000	43000000	2.395436	-0.810679	-1.176147
86	43000000	43500000	2.229758	-1.014979	-1.356373
87	43500000	44000000	2.069610	-1.189004	-1.433100
88	44000000	44500000	1.876974	-1.279281	-1.450702
89	44500000	45000000	1.441001	-1.410886	-1.644263
90	45000000	45500000	0.934667	-1.479411	-1.883334
91	45500000	46000000	0.480408	-1.509731	-1.999690
92	46000000	46500000	0.009030	-1.567668	-2.023710
93	46500000	47000000	-0.304401	-1.634614	-2.025984
94	47000000	47500000	-0.701621	-1.750795	-2.126365
95	47500000	48000000	-1.058004	-1.875054	-2.207272
96	48000000	48500000	-1.126055	-1.869799	-2.010386
97	48500000	49000000	-1.226115	-2.060082	-1.937287
98	49000000	49500000	-1.210190	-2.152294	-1.879986
99	49500000	50000000	-1.031471	-2.224261	-1.769788
100	50000000	50500000	-0.814612	-2.440443	-1.714458
101	50500000	51000000	-0.429150	-2.432523	-1.545088
102	51000000	51500000	0.111561	-2.427091	-1.266056
103	51500000	52000000	0.532895	-2.456785	-1.106939
104	52000000	52500000	1.026861	-2.427090	-0.795496
105	52500000	53000000	1.065924	-2.567460	-0.561963
106	53000000	53500000	1.152117	-2.656902	-0.371680
107	53500000	54000000	1.170018	-2.505543	-0.218414
108	54000000	54500000	1.197765	-2.630429	-0.097278
109	54500000	55000000	1.011713	-2.668083	0.010655
110	55000000	55500000	0.681073	-2.753345	0.020917
111	55500000	56000000	0.267673	-2.741295	-0.010340
112	56000000	56500000	0.146704	-2.643373	-0.061129
113	56500000	57000000	-0.093486	-2.529783	-0.087492
114	57000000	57500000	-0.430107	-2.546709	-0.076324
115	57500000	58000000	-0.600636	-2.357163	-0.133455
116	58000000	58500000	-0.649004	-2.299389	-0.111399
117	58500000	59000000	-0.523976	-2.348095	0.069602
118	59000000	59500000	-0.227588	-2.286866	0.175258
119	59500000	60000000	0.150030	-2.175619	0.380175
120	60000000	60500000	0.394428	-2.099530	0.550230
121	60500000	61000000	0.587816	-2.015501	0.680969
122	61000000	61500000	0.446427	-2.192783	0.861431
123	61500000	62000000	0.351735	-2.201946	0.877759
124	62000000	62500000	0.292584	-2.187578	0.967617
125	62500000	63000000	0.443534	-1.948551	1.079795
126	63000000	63500000	0.579258	-1.795555	1.193044
127	63500000	64000000	0.814119	-1.705427	1.308741
128	64000000	64500000	1.190022	-1.603475	1.448379
129	64500000	65000000	1.695919	-1.335996	1.503124
130	65000000	65500000	2.083002	-1.295829	1.712752
131	65500000	66000000	2.323284	-1.048107	1.794554
132	66000000	66500000	2.233525	-1.146016	1.924990
133	66500000	67000000	2.055233	-1.250339	1.990712
134	67000000	67500000	1.844669	-1.305249	2.139851
135	67500000	68000000	1.643867	-1.362201	2.366211
136	68000000	68500000	1.442933	-1.386139	2.450047
137	68500000	69000000	1.231940	-1.261453	2.453749
138	69000000	69500000	1.139119	-1.146493	2.544919
139	69500000	70000000	1.107015	-0.977695	2.580462
140	70000000	70500000	1.083333	-0.704673	2.732941
141	70500000	71000000	1.095746	-0.446988	2.745804
142	71000000	71500000	1.053556	-0.191239	2.781360
143	71500000	72000000	1.050093	0.127609	2.904875
144	72000000	72500000	1.103253	0.298514	2.939837
145	72500000	73000000	0.926526	0.257379	2.694332
146	73000000	73500000	0.579570	0.116584	2.532162
147	73500000	74000000	0.273021	-0.152313	2.346265
148	74000000	74500000	0.079843	-0.268998	2.321472
149	74500000	75000000	-0.069068	-0.316073	2.167471
150	75000000	75500000	-0.308841	-0.517094	2.021532
151	75500000	76000000	-0.574847	-0.653991	1.964338
152	76000000	76500000	-0.632627	-0.515074	2.265226
153	76500000	77000000	-0.526129	-0.239299	2.450816
154	77000000	77500000	-0.564961	-0.055496	2.674941
155	77500000	78000000	-0.777697	-0.007422	2.585978
156	78000000	78500000	-1.080849	-0.048764	2.547962
157	78500000	79000000	-1.338604	-0.093157	2.516335
158	79000000	79500000	-1.423982	0.010536	2.592154
159	79500000	80000000	-1.619494	-0.083984	2.444331
160	80000000	80500000	-1.971635	-0.343419	2.324999
