# Chromosome: chr5, Resolution: 500000bp
# Generated: 2026-07-31 11:27:15
bin	start	end	x	y	z
0	0	500000	-3.997251	1.201692	-0.617422
1	500000	1000000	-3.920800	0.769253	-0.555652
2	1000000	1500000	-3.879092	0.348810	-0.549121
3	1500000	2000000	-3.831267	0.085732	-0.514770
4	2000000	2500000	-3.819488	-0.374107	-0.569940
5	2500000	3000000	-3.774787	-0.788704	-0.566717
6	3000000	3500000	-3.722080	-1.197036	-0.525094
7	3500000	4000000	-3.705237	-1.428065	-0.535331
8	4000000	4500000	-3.713297	-1.322293	-0.438624
9	4500000	5000000	-3.752387	-1.093602	-0.446561
10	5000000	5500000	-3.762888	-0.937966	-0.400537
11	5500000	6000000	-3.775983	-0.846140	-0.225308
12	6000000	6500000	-3.760081	-0.707676	-0.071913
13	6500000	7000000	-3.732959	-0.590646	0.128896
14	7000000	7500000	-3.790129	-0.485537	0.085383
15	7500000	8000000	-3.853907	-0.472092	0.052729
16	8000000	8500000	-3.849848	-0.489598	0.161625
17	8500000	9000000	-3.876196	-0.411419	0.188817
18	9000000	9500000	-3.739337	-0.262676	0.233497
19	9500000	10000000	-3.694905	-0.310295	0.339153
20	10000000	10500000	-3.654972	-0.558191	0.156676
21	10500000	11000000	-3.538061	-0.886097	0.099312
22	11000000	11500000	-3.400204	-1.261670	0.005579
23	11500000	12000000	-3.275400	-1.549393	0.064472
24	12000000	12500000	-3.203101	-1.832807	0.134455
25	12500000	13000000	-3.203075	-1.909278	0.207845
26	13000000	13500000	-3.235653	-1.814690	0.184832
27	13500000	14000000	-3.232350	-1.695602	0.486915
28	14000000	14500000	-3.250243	-1.594247	0.769202
29	14500000	15000000	-3.342514	-1.464142	0.931481
30	15000000	15500000	-3.340871	-1.358810	0.993919
31	15500000	16000000	-3.252339	-1.302926	1.049579
32	16000000	16500000	-3.267916	-1.608912	0.923198
33	16500000	17000000	-3.128523	-1.993391	0.950490
34	17000000	17500000	-3.001965	-2.167311	0.854420
35	17500000	18000000	-2.842860	-2.326942	0.801033
36	18000000	18500000	-2.593302	-2.593018	0.724230
37	18500000	19000000	-2.438571	-2.865460	0.697777
38	19000000	19500000	-2.370913	-3.123682	0.612429
39	19500000	20000000	-2.271027	-3.240040	0.520894
40	20000000	20500000	-2.220390	-3.343836	0.315144
41	20500000	21000000	-2.089777	-3.494432	0.279870
42	21000000	21500000	-1.934237	-3.560215	0.328760
43	21500000	22000000	-1.833530	-3.562019	0.525011
44	22000000	22500000	-1.726512	-3.589984	0.638827
45	22500000	23000000	-1.606278	-3.581847	0.843130
46	23000000	23500000	-1.506075	-3.479105	1.174385
47	23500000	24000000	-1.413711	-3.321827	1.534645
48	24000000	24500000	-1.449103	-3.159693	1.739251
49	24500000	25000000	-1.424612	-3.108728	1.956557
50	25000000	25500000	-1.427216	-2.968658	2.145966
51	25500000	26000000	-1.380683	-2.866050	2.313835
52	26000000	26500000	-1.387898	-2.753916	2.430593
53	26500000	27000000	-1.443890	-2.641567	2.508199
54	27000000	27500000	-1.502788	-2.646537	2.599576
55	27500000	28000000	-1.553243	-2.627912	2.678036
56	28000000	28500000	-1.720787	-2.474446	2.633225
57	28500000	29000000	-1.870896	-2.342131	2.603675
58	29000000	29500000	-2.135111	-2.146741	2.550352
59	29500000	30000000	-2.328450	-1.936565	2.500052
60	30000000	30500000	-2.483305	-1.522599	2.371039
61	30500000	31000000	-2.618271	-0.939632	2.138518
62	31000000	31500000	-2.816592	-0.438818	1.961688
63	31500000	32000000	-2.982612	-0.043703	1.825906
64	32000000	32500000	-3.145808	0.477707	1.620314
65	32500000	33000000	-3.290848	0.968603	1.425637
66	33000000	33500000	-3.381530	1.167169	1.325241
67	33500000	34000000	-3.391800	1.228522	1.362497
68	34000000	34500000	-3.372610	1.117330	1.456889
69	34500000	35000000	-3.268836	1.042866	1.588329
70	35000000	35500000	-3.200186	1.092083	1.718594
71	35500000	36000000	-3.138285	1.168079	1.772597
72	36000000	36500000	-2.978807	0.970107	1.956121
73	36500000	37000000	-2.871113	0.963048	2.107766
74	37000000	37500000	-2.844738	0.840758	2.225560
75	37500000	38000000	-2.833347	0.760172	2.390982
76	38000000	38500000	-2.757953	0.678253	2.483074
77	38500000	39000000	-2.583430	0.451935	2.602295
78	39000000	39500000	-2.469423	0.181014	2.887387
79	39500000	40000000	-2.411498	0.032946	3.049628
80	40000000	40500000	-2.309186	-0.043151	3.113070
81	40500000	41000000	-2.148254	-0.199835	3.240886
82	41000000	41500000	-2.047066	-0.270785	3.271745
83	41500000	42000000	-2.097136	-0.039839	3.249203
84	42000000	42500000	-2.061848	-0.012539	3.337812
85	42500000	43000000	-1.887959	-0.266120	3.343297
86	43000000	43500000	-1.669710	-0.461924	3.349991
87	43500000	44000000	-1.401288	-0.832569	3.374009
88	44000000	44500000	-1.108765	-1.157862	3.308073
89	44500000	45000000	-0.790722	-1.707592	3.101706
90	45000000	45500000	-0.355608	-2.589903	2.806466
91	45500000	46000000	-0.096166	-3.212003	2.298918
92	46000000	46500000	0.087597	-3.700163	1.753913
93	46500000	47000000	0.156487	-4.095752	1.161450
94	47000000	47500000	0.080298	-4.363814	0.565791
95	47500000	48000000	-0.448698	-3.493678	-0.006057
96	48000000	48500000	-0.972401	-2.434259	-0.351490
97	48500000	49000000	-1.060027	-1.887798	0.189939
98	49000000	49500000	-1.164976	-1.181462	0.645049
99	49500000	50000000	-1.149966	-0.699642	1.205025
100	50000000	50500000	-1.039094	-0.245172	1.869160
101	50500000	51000000	-0.933616	0.296563	2.541778
102	51000000	51500000	-0.454153	-0.101622	3.080539
103	51500000	52000000	-0.016030	-0.463246	3.733163
104	52000000	52500000	-0.139261	-0.045921	3.535675
105	52500000	53000000	-0.066981	0.249716	3.490668
106	53000000	53500000	-0.290798	0.760324	3.304534
107	53500000	54000000	-0.576620	1.356740	3.067279
108	54000000	54500000	-0.832869	1.925105	2.812657
109	54500000	55000000	-0.953382	2.257646	2.673050
110	55000000	55500000	-1.060181	2.555488	2.405214
111	55500000	56000000	-0.992927	2.609118	2.334619
112	56000000	56500000	-1.071629	2.442229	2.349316
113	56500000	57000000	-0.937670	2.321910	2.464205
114	57000000	57500000	-0.819158	2.135377	2.640291
115	57500000	58000000	-0.678824	1.973137	2.745783
116	58000000	58500000	-0.592934	1.874166	2.920869
117	58500000	59000000	-0.469892	1.761232	3.048648
118	59000000	59500000	-0.363328	1.687467	3.063284
119	59500000	60000000	-0.307931	1.874767	2.989704
120	60000000	60500000	-0.321269	1.920685	2.980837
121	60500000	61000000	-0.142693	2.008296	2.873947
122	61000000	61500000	0.030630	1.927566	2.964771
123	61500000	62000000	0.179584	1.774305	3.042289
124	62000000	62500000	0.320630	1.599371	3.191362
125	62500000	63000000	0.399852	1.476289	3.355280
126	63000000	63500000	0.538573	1.497541	3.357178
127	63500000	64000000	0.714824	1.640830	3.265984
128	64000000	64500000	0.674289	1.834063	3.078899
129	64500000	65000000	0.571941	2.093579	2.877192
130	65000000	65500000	0.421274	2.419189	2.625522
131	65500000	66000000	0.211414	2.808707	2.282869
132	66000000	66500000	0.118241	3.067741	1.978191
133	66500000	67000000	-0.113068	3.199852	1.785538
134	67000000	67500000	-0.417446	3.299184	1.580787
135	67500000	68000000	-0.746496	3.368785	1.391635
136	68000000	68500000	-1.147146	3.427205	1.014816
137	68500000	69000000	-0.954257	2.333665	0.881286
138	69000000	69500000	-0.701468	1.201039	0.839498
139	69500000	70000000	-0.556673	0.176704	0.852535
140	70000000	70500000	-0.631529	0.154511	0.756330
141	70500000	71000000	-0.566696	0.182334	0.660108
142	71000000	71500000	-0.323165	0.090142	0.706941
143	71500000	72000000	0.047114	0.032106	0.885452
144	72000000	72500000	-0.163078	1.153973	0.752188
145	72500000	73000000	-0.393283	2.299109	0.593624
146	73000000	73500000	-0.606025	3.484829	0.338116
147	73500000	74000000	-0.552484	3.599817	0.220192
148	74000000	74500000	-0.516034	3.676260	0.150902
149	74500000	75000000	-0.489548	3.830816	0.066690
150	75000000	75500000	-0.419494	3.910813	0.016575
151	75500000	76000000	-0.285131	3.936765	0.061180
152	76000000	76500000	-0.081534	3.960730	0.026638
153	76500000	77000000	0.042518	3.949728	0.088061
154	77000000	77500000	0.290367	3.909194	0.131261
155	77500000	78000000	0.494721	3.865365	0.229151
156	78000000	78500000	0.614609	3.730565	0.270908
157	78500000	79000000	0.788588	3.707348	0.257785
158	79000000	79500000	0.919413	3.693341	0.285847
159	79500000	80000000	1.024320	3.601812	0.439739
160	80000000	80500000	1.212722	3.481325	0.581505
161	80500000	81000000	1.359133	3.307974	0.857246
162	81000000	81500000	1.510586	3.093413	1.073513
163	81500000	82000000	1.656214	2.935380	1.304068
164	82000000	82500000	1.776470	2.508142	1.762283
165	82500000	83000000	1.859453	2.165857	2.129804
166	83000000	83500000	1.920934	1.719205	2.454284
167	83500000	84000000	1.920335	1.229236	2.690186
168	84000000	84500000	1.930670	0.789160	2.837654
169	84500000	85000000	1.949767	0.343812	3.065184
170	85000000	85500000	1.971910	-0.025327	3.289022
171	85500000	86000000	2.042244	0.070343	3.150909
172	86000000	86500000	2.029980	-0.311057	3.177758
173	86500000	87000000	2.006965	-0.612699	3.104585
174	87000000	87500000	2.123925	-0.346451	3.091911
175	87500000	88000000	2.184875	0.080906	2.866124
176	88000000	88500000	2.323228	0.493822	2.632227
177	88500000	89000000	2.491745	0.823459	2.448586
178	89000000	89500000	2.536369	0.777732	2.445525
179	89500000	90000000	2.670191	1.083474	2.332220
180	90000000	90500000	2.771392	1.284867	2.288352
181	90500000	91000000	2.733672	0.819937	2.273330
182	91000000	91500000	2.766514	0.307537	2.487913
183	91500000	92000000	2.752224	-0.043590	2.580752
184	92000000	92500000	2.737984	-0.258349	2.518288
185	92500000	93000000	2.714101	-0.343121	2.468812
186	93000000	93500000	2.704486	-0.180972	2.294437
187	93500000	94000000	2.755520	0.226175	2.103251
188	94000000	94500000	2.798390	0.895248	1.758144
189	94500000	95000000	2.838953	1.413172	1.449403
190	95000000	95500000	2.783854	1.771333	1.145289
191	95500000	96000000	2.828848	1.917327	1.071339
192	96000000	96500000	2.928273	1.983433	0.987090
193	96500000	97000000	3.010042	1.695818	1.090132
194	97000000	97500000	3.127359	1.299971	1.190864
195	97500000	98000000	3.246875	0.715650	1.424298
196	98000000	98500000	3.287249	0.174902	1.591225
197	98500000	99000000	3.320816	-0.368259	1.818698
198	99000000	99500000	3.252523	-0.434369	1.783593
199	99500000	100000000	3.082687	-0.926948	1.842921
200	100000000	100500000	2.969312	-1.173970	1.801355
201	100500000	101000000	2.757374	-1.254479	1.705170
202	101000000	101500000	2.634083	-1.075199	1.550469
203	101500000	102000000	2.605352	-0.866367	1.378954
204	102000000	102500000	2.652955	-0.882995	1.279273
205	102500000	103000000	2.628259	-1.336097	1.316947
206	103000000	103500000	2.669033	-1.240506	1.241340
207	103500000	104000000	2.635574	-1.381900	1.209199
208	104000000	104500000	2.686614	-1.618901	1.205963
209	104500000	105000000	2.742170	-1.985253	1.280945
210	105000000	105500000	2.814437	-2.208961	1.338178
211	105500000	106000000	2.850875	-1.879452	1.169250
212	106000000	106500000	2.943892	-1.457529	1.008942
213	106500000	107000000	3.165638	-1.135821	0.853045
214	107000000	107500000	3.377543	-0.459364	0.592658
215	107500000	108000000	3.500219	0.128743	0.376277
216	108000000	108500000	3.572112	0.386933	0.150782
217	108500000	109000000	3.568141	0.461323	0.025194
218	109000000	109500000	3.620834	0.326113	0.011805
219	109500000	110000000	3.582868	0.424853	-0.056639
220	110000000	110500000	3.392917	0.666891	-0.200981
221	110500000	111000000	3.248768	0.639362	-0.222176
222	111000000	111500000	3.100885	0.625951	-0.253967
223	111500000	112000000	3.118759	0.887154	-0.397666
224	112000000	112500000	3.122323	0.950224	-0.465667
225	112500000	113000000	3.148871	0.820150	-0.468164
226	113000000	113500000	3.158144	0.428901	-0.424126
227	113500000	114000000	3.287431	0.131492	-0.405071
228	114000000	114500000	3.344653	0.024330	-0.515560
229	114500000	115000000	3.372968	-0.059620	-0.533882
230	115000000	115500000	3.290705	-0.189179	-0.487598
231	115500000	116000000	3.230060	-0.437761	-0.483203
232	116000000	116500000	3.130699	-0.644404	-0.476757
233	116500000	117000000	3.091857	-0.737726	-0.538996
234	117000000	117500000	3.042154	-0.976193	-0.544916
235	117500000	118000000	3.107104	-0.997986	-0.540747
236	118000000	118500000	3.109286	-1.312295	-0.483270
237	118500000	119000000	3.061559	-1.792064	-0.379966
238	119000000	119500000	3.002053	-1.868128	-0.450560
239	119500000	120000000	2.917050	-1.891228	-0.574347
240	120000000	120500000	2.872883	-2.059174	-0.585762
241	120500000	121000000	2.866806	-2.045924	-0.702191
242	121000000	121500000	2.762696	-2.215627	-0.742030
243	121500000	122000000	2.846861	-2.161169	-0.926958
244	122000000	122500000	2.919823	-1.965197	-1.171600
245	122500000	123000000	3.029518	-1.663402	-1.377179
246	123000000	123500000	3.123460	-1.195946	-1.596326
247	123500000	124000000	3.253044	-0.835831	-1.812275
248	124000000	124500000	3.183309	-0.909487	-1.857646
249	124500000	125000000	3.130204	-0.982199	-1.849540
250	125000000	125500000	3.050140	-0.723657	-1.899140
251	125500000	126000000	2.989905	-0.571863	-1.919248
252	126000000	126500000	2.897031	-0.535492	-1.867279
253	126500000	127000000	2.877515	-0.737414	-1.870552
254	127000000	127500000	2.734819	-1.014704	-1.764440
255	127500000	128000000	2.635826	-1.037629	-1.720360
256	128000000	128500000	2.595190	-1.276668	-1.702336
257	128500000	129000000	2.436118	-1.844203	-1.599020
258	129000000	129500000	2.246065	-2.231169	-1.456382
259	129500000	130000000	2.268522	-2.023954	-1.549185
260	130000000	130500000	2.147222	-1.631339	-1.535485
261	130500000	131000000	2.051572	-0.946508	-1.637962
262	131000000	131500000	1.983108	-0.212519	-1.719945
263	131500000	132000000	1.858723	0.579350	-1.861239
264	132000000	132500000	1.763920	1.409493	-1.992608
265	132500000	133000000	1.771727	2.375648	-2.136239
266	133000000	133500000	1.523442	2.650570	-2.139242
267	133500000	134000000	1.336321	2.745132	-2.205815
268	134000000	134500000	1.110216	2.827751	-2.253976
269	134500000	135000000	0.933644	2.627800	-2.275049
270	135000000	135500000	0.834696	2.485482	-2.327580
271	135500000	136000000	0.766652	2.382611	-2.355861
272	136000000	136500000	0.620520	2.319109	-2.468080
273	136500000	137000000	0.527336	2.367545	-2.448073
274	137000000	137500000	0.446240	2.417980	-2.400618
275	137500000	138000000	0.418034	2.514862	-2.370314
276	138000000	138500000	0.267447	2.819237	-2.369135
277	138500000	139000000	0.410481	2.920449	-2.353466
278	139000000	139500000	0.008600	2.594214	-2.465308
279	139500000	140000000	0.130606	1.771880	-2.423055
280	140000000	140500000	0.220720	1.429553	-2.512624
281	140500000	141000000	0.370050	1.204079	-2.632489
282	141000000	141500000	0.588170	0.824953	-2.820599
283	141500000	142000000	0.960953	0.467249	-2.981914
284	142000000	142500000	0.942307	0.160754	-3.023594
285	142500000	143000000	1.523157	0.220938	-3.014812
286	143000000	143500000	1.566756	0.395195	-3.041170
287	143500000	144000000	1.660373	-0.068864	-3.008114
288	144000000	144500000	1.691646	-0.453033	-3.031299
289	144500000	145000000	1.654655	-0.604540	-2.886619
290	145000000	145500000	1.531863	-0.994420	-2.879206
291	145500000	146000000	1.471518	-1.309842	-2.878546
292	146000000	146500000	1.452590	-1.593315	-2.863309
293	146500000	147000000	1.362782	-1.663423	-2.863046
294	147000000	147500000	1.309299	-1.501139	-2.974889
295	147500000	148000000	1.243309	-1.286776	-2.973994
296	148000000	148500000	1.150886	-1.031176	-3.114679
297	148500000	149000000	1.057920	-0.550980	-3.158552
298	149000000	149500000	0.951974	-0.091163	-3.290219
299	149500000	150000000	0.853634	0.366394	-3.336544
300	150000000	150500000	0.862007	0.712165	-3.496445
301	150500000	151000000	0.720218	0.695067	-3.448409
302	151000000	151500000	0.648480	0.207954	-3.299427
303	151500000	152000000	0.638245	-0.256920	-3.293678
304	152000000	152500000	0.637341	-0.680872	-3.227491
305	152500000	153000000	0.657170	-0.851608	-3.121499
306	153000000	153500000	0.581625	-0.976440	-3.197326
307	153500000	154000000	0.348537	-1.233729	-3.180935
308	154000000	154500000	0.183352	-1.272865	-3.232417
309	154500000	155000000	0.092912	-0.940958	-3.468560
310	155000000	155500000	0.055465	-0.814354	-3.480556
311	155500000	156000000	0.072096	-0.653779	-3.582964
312	156000000	156500000	0.013507	-0.567809	-3.649253
313	156500000	157000000	-0.095201	-0.556898	-3.631565
314	157000000	157500000	-0.034809	-0.322687	-3.660710
315	157500000	158000000	-0.022636	-0.130122	-3.724978
316	158000000	158500000	-0.129378	-0.044417	-3.696821
317	158500000	159000000	-0.168083	0.047582	-3.694496
318	159000000	159500000	-0.268832	-0.135053	-3.597785
319	159500000	160000000	-0.503363	-0.505363	-3.579627
320	160000000	160500000	-0.517236	-0.868673	-3.499093
321	160500000	161000000	-0.648045	-1.354599	-3.318030
322	161000000	161500000	-0.722471	-1.740633	-3.142121
323	161500000	162000000	-0.666836	-2.013096	-3.053409
324	162000000	162500000	-0.711418	-2.319280	-2.963993
325	162500000	163000000	-0.703601	-2.630370	-2.831884
326	163000000	163500000	-0.496966	-2.821275	-2.718309
327	163500000	164000000	-0.399004	-2.875819	-2.631738
328	164000000	164500000	-0.337007	-2.871455	-2.605578
329	164500000	165000000	-0.251416	-2.932313	-2.591556
330	165000000	165500000	-0.265931	-2.966303	-2.544333
331	165500000	166000000	-0.441936	-2.999922	-2.560309
332	166000000	166500000	-0.587892	-2.757735	-2.695268
333	166500000	167000000	-0.664891	-2.356237	-2.778589
334	167000000	167500000	-0.862533	-1.987247	-2.899840
335	167500000	168000000	-0.943210	-1.535859	-3.031425
336	168000000	168500000	-0.939339	-0.959875	-3.137837
337	168500000	169000000	-1.020942	-0.457834	-3.202821
338	169000000	169500000	-1.001300	-0.125880	-3.281862
339	169500000	170000000	-1.110935	0.175208	-3.347538
340	170000000	170500000	-1.183788	0.482070	-3.343730
341	170500000	171000000	-1.147848	0.749732	-3.332798
342	171000000	171500000	-1.161010	1.036228	-3.274235
343	171500000	172000000	-1.258253	1.236680	-3.210565
344	172000000	172500000	-1.283904	1.426551	-3.156990
345	172500000	173000000	-1.320712	1.657356	-3.098659
346	173000000	173500000	-1.321012	1.811452	-3.027096
347	173500000	174000000	-1.406452	1.779176	-2.989394
348	174000000	174500000	-1.546356	1.794029	-2.918721
349	174500000	175000000	-1.703543	1.864442	-2.873031
350	175000000	175500000	-1.845761	1.877069	-2.851175
351	175500000	176000000	-1.981349	1.985692	-2.787277
352	176000000	176500000	-2.208199	2.129570	-2.640267
353	176500000	177000000	-2.277647	2.064668	-2.626704
354	177000000	177500000	-2.418718	1.852870	-2.650303
355	177500000	178000000	-2.572595	1.617407	-2.687308
356	178000000	178500000	-2.620055	1.466539	-2.683893
357	178500000	179000000	-2.663502	1.318243	-2.717011
358	179000000	179500000	-2.748028	1.041518	-2.798649
359	179500000	180000000	-2.754015	0.862758	-2.872722
360	180000000	180500000	-2.825529	0.862166	-2.854440
361	180500000	181000000	-2.835961	1.027080	-2.824491
362	181000000	181500000	-2.786127	1.227476	-2.767588
