# Chromosome: chr14, Resolution: 500000bp
# Generated: 2026-08-12 15:26:46
bin	start	end	x	y	z
0	0	500000	-1.317711	0.144448	-4.578806
1	500000	1000000	-1.143558	0.494936	-4.559614
2	1000000	1500000	-0.951072	0.835487	-4.508161
3	1500000	2000000	-0.710591	1.115551	-4.445364
4	2000000	2500000	-0.235819	1.599068	-4.360595
5	2500000	3000000	0.316480	1.985911	-4.245034
6	3000000	3500000	0.839727	2.211725	-4.137170
7	3500000	4000000	1.075756	2.087062	-4.156121
8	4000000	4500000	1.145711	1.775665	-4.200323
9	4500000	5000000	0.543791	1.176968	-3.893810
10	5000000	5500000	-0.222358	0.584657	-3.530994
11	5500000	6000000	-1.154335	0.105487	-3.150218
12	6000000	6500000	-2.184594	-0.231004	-2.823577
13	6500000	7000000	-3.193751	-0.497661	-2.555238
14	7000000	7500000	-3.752368	-0.741389	-2.369362
15	7500000	8000000	-4.091275	-0.969651	-2.236032
16	8000000	8500000	-3.710303	-1.048121	-2.521152
17	8500000	9000000	-3.169143	-1.175054	-2.915385
18	9000000	9500000	-2.493107	-1.372479	-3.383322
19	9500000	10000000	-1.712383	-1.610985	-3.832056
20	10000000	10500000	-0.842334	-1.809427	-4.191989
21	10500000	11000000	-0.076297	-1.746568	-4.314939
22	11000000	11500000	0.658976	-1.559407	-4.354810
23	11500000	12000000	1.307497	-1.219857	-4.346904
24	12000000	12500000	1.813432	-0.797514	-4.327354
25	12500000	13000000	2.102746	-0.369180	-4.322922
26	13000000	13500000	2.140337	0.057372	-4.321016
27	13500000	14000000	1.713062	0.566217	-4.260103
28	14000000	14500000	1.078742	1.012632	-4.202125
29	14500000	15000000	0.291299	1.312622	-4.156619
30	15000000	15500000	-0.570138	1.408035	-4.114051
31	15500000	16000000	-1.424116	1.323191	-4.036446
32	16000000	16500000	-2.213159	1.134165	-3.860413
33	16500000	17000000	-2.904556	0.943737	-3.618914
34	17000000	17500000	-3.244713	0.879564	-3.379197
35	17500000	18000000	-3.453400	0.919447	-3.163066
36	18000000	18500000	-3.461827	1.116452	-2.824033
37	18500000	19000000	-3.337936	1.287259	-2.332205
38	19000000	19500000	-3.183399	1.485991	-1.795943
39	19500000	20000000	-3.040636	1.624464	-1.198674
40	20000000	20500000	-2.680525	1.773996	-0.710660
41	20500000	21000000	-2.413590	1.610964	-0.301145
42	21000000	21500000	-2.273737	1.272153	0.163818
43	21500000	22000000	-2.369270	0.919192	0.472754
44	22000000	22500000	-2.537157	0.736601	0.597027
45	22500000	23000000	-2.742522	0.685906	0.694462
46	23000000	23500000	-2.679664	0.895283	0.597407
47	23500000	24000000	-2.596082	1.089162	0.487517
48	24000000	24500000	-2.478910	1.479847	0.255308
49	24500000	25000000	-2.146520	1.961448	0.019763
50	25000000	25500000	-1.750435	2.394309	-0.331732
51	25500000	26000000	-1.358290	2.777091	-0.624786
52	26000000	26500000	-0.866000	3.134865	-0.979183
53	26500000	27000000	-0.602536	3.279538	-1.108115
54	27000000	27500000	-0.653186	3.414412	-1.148538
55	27500000	28000000	-0.721173	3.434126	-1.059002
56	28000000	28500000	-0.917783	3.452333	-0.946198
57	28500000	29000000	-1.066890	3.436791	-0.635675
58	29000000	29500000	-1.289798	3.206664	-0.200637
59	29500000	30000000	-1.661467	2.940992	0.232206
60	30000000	30500000	-1.747239	2.742692	0.482324
61	30500000	31000000	-1.900696	2.629693	0.718380
62	31000000	31500000	-1.869570	2.510686	0.945379
63	31500000	32000000	-1.881763	2.413920	1.170427
64	32000000	32500000	-1.927705	2.325211	1.313153
65	32500000	33000000	-1.918978	2.369256	1.239196
66	33000000	33500000	-1.862780	2.266674	1.283518
67	33500000	34000000	-2.026297	2.152865	1.402584
68	34000000	34500000	-2.097378	2.048710	1.518747
69	34500000	35000000	-2.038755	2.077683	1.627123
70	35000000	35500000	-1.847206	2.032363	1.542459
71	35500000	36000000	-1.559410	2.082955	1.354344
72	36000000	36500000	-1.245208	2.327540	1.245381
73	36500000	37000000	-0.884071	2.647726	1.136974
74	37000000	37500000	-0.553645	2.914364	1.000659
75	37500000	38000000	-0.215169	2.963630	0.937611
76	38000000	38500000	0.028697	2.961087	0.858795
77	38500000	39000000	0.243603	3.115626	0.838814
78	39000000	39500000	0.358295	3.122741	0.878510
79	39500000	40000000	0.511989	3.152403	0.792555
80	40000000	40500000	0.738712	3.155488	0.695680
81	40500000	41000000	0.762497	3.239468	0.758782
82	41000000	41500000	1.065119	3.429772	0.426587
83	41500000	42000000	1.207421	3.533765	0.120131
84	42000000	42500000	1.294978	3.483403	-0.015859
85	42500000	43000000	1.452863	3.481184	-0.056402
86	43000000	43500000	1.472217	3.358002	0.065887
87	43500000	44000000	1.343822	3.260018	0.297362
88	44000000	44500000	1.518709	3.214233	0.303977
89	44500000	45000000	1.576349	3.122554	0.633493
90	45000000	45500000	1.739430	2.997891	0.984356
91	45500000	46000000	1.710228	2.866589	1.216563
92	46000000	46500000	1.652528	2.711890	1.414401
93	46500000	47000000	1.756744	2.615764	1.634209
94	47000000	47500000	1.926534	2.571469	1.643625
95	47500000	48000000	1.834775	2.449578	1.789482
96	48000000	48500000	1.337144	2.188652	2.052983
97	48500000	49000000	0.753798	1.805154	2.253737
98	49000000	49500000	0.363254	1.559483	2.493408
99	49500000	50000000	0.052919	1.375265	2.640870
100	50000000	50500000	-0.366543	1.064057	2.730724
101	50500000	51000000	-0.668479	0.871117	2.926801
102	51000000	51500000	-0.913508	0.686672	3.118223
103	51500000	52000000	-0.702682	0.563889	2.936161
104	52000000	52500000	-0.480580	0.653044	3.041742
105	52500000	53000000	-0.268759	0.662122	3.016439
106	53000000	53500000	-0.276959	0.502830	3.144970
107	53500000	54000000	-0.214230	0.388737	3.179571
108	54000000	54500000	-0.151658	0.215949	3.257386
109	54500000	55000000	0.073938	0.115951	3.063632
110	55000000	55500000	0.249439	0.210127	3.119306
111	55500000	56000000	0.397335	0.252996	3.035967
112	56000000	56500000	0.584952	0.305542	3.069010
113	56500000	57000000	0.934263	0.400329	3.059299
114	57000000	57500000	1.152181	0.382884	3.130581
115	57500000	58000000	1.184520	0.337667	2.915478
116	58000000	58500000	1.247713	0.341014	2.883875
117	58500000	59000000	1.329773	0.095263	3.042373
118	59000000	59500000	1.384379	-0.086934	3.094452
119	59500000	60000000	1.313020	-0.305619	3.021238
120	60000000	60500000	1.136397	-0.485363	2.941569
121	60500000	61000000	1.273003	-0.453671	2.838229
122	61000000	61500000	1.568398	-0.339492	2.859917
123	61500000	62000000	1.660626	-0.390831	2.896796
124	62000000	62500000	1.406134	-0.657645	2.846466
125	62500000	63000000	1.111211	-0.901917	2.802996
126	63000000	63500000	0.918646	-1.114516	2.824010
127	63500000	64000000	0.593759	-1.233882	2.887517
128	64000000	64500000	0.154805	-1.447118	2.949603
129	64500000	65000000	-0.508998	-1.657983	3.004606
130	65000000	65500000	-1.222931	-1.813099	2.950220
131	65500000	66000000	-1.680645	-1.695537	2.765637
132	66000000	66500000	-1.900072	-1.691729	2.628935
133	66500000	67000000	-2.364456	-1.709311	2.353240
134	67000000	67500000	-2.368614	-1.731904	2.160739
135	67500000	68000000	-2.575608	-1.798442	1.941969
136	68000000	68500000	-2.589825	-1.964217	1.801711
137	68500000	69000000	-2.389208	-2.114332	1.674330
138	69000000	69500000	-2.167272	-2.218231	1.658499
139	69500000	70000000	-2.125714	-2.308936	1.554462
140	70000000	70500000	-1.897476	-2.368484	1.604101
141	70500000	71000000	-1.785621	-2.443625	1.544846
142	71000000	71500000	-1.668007	-2.523096	1.458661
143	71500000	72000000	-1.759856	-2.565998	1.293949
144	72000000	72500000	-1.844377	-2.684976	1.209002
145	72500000	73000000	-1.799424	-2.725236	1.082878
146	73000000	73500000	-1.829650	-2.861639	0.970253
147	73500000	74000000	-1.785162	-2.978363	1.016577
148	74000000	74500000	-1.746908	-3.166737	1.005002
149	74500000	75000000	-1.566456	-3.143317	1.060362
150	75000000	75500000	-1.216374	-3.169856	1.215521
151	75500000	76000000	-0.902756	-3.075016	1.340043
152	76000000	76500000	-0.661363	-2.893126	1.426342
153	76500000	77000000	-0.159634	-2.563685	1.535469
154	77000000	77500000	0.574230	-2.187351	1.459024
155	77500000	78000000	1.187848	-1.598192	1.440378
156	78000000	78500000	1.719293	-1.137484	1.363079
157	78500000	79000000	2.227617	-0.662439	1.247992
158	79000000	79500000	2.567779	-0.373123	1.170735
159	79500000	80000000	2.863262	-0.185784	1.069886
160	80000000	80500000	3.007048	0.019783	0.896196
161	80500000	81000000	3.004009	0.292544	0.569498
162	81000000	81500000	3.049789	0.354300	0.273717
163	81500000	82000000	3.081073	0.399892	0.084730
164	82000000	82500000	3.076432	0.442357	-0.169328
165	82500000	83000000	3.233792	0.627951	-0.342316
166	83000000	83500000	3.368437	0.736544	-0.556758
167	83500000	84000000	3.479093	0.783491	-0.608566
168	84000000	84500000	3.504214	0.635664	-0.460114
169	84500000	85000000	3.498185	0.511080	-0.405117
170	85000000	85500000	3.562819	0.378298	-0.497421
171	85500000	86000000	3.613756	0.207079	-0.521049
172	86000000	86500000	3.602543	0.021718	-0.543742
173	86500000	87000000	3.589765	-0.278851	-0.369300
174	87000000	87500000	3.459761	-0.581496	-0.195680
175	87500000	88000000	3.296375	-0.962963	0.054898
176	88000000	88500000	3.126410	-1.267525	0.311228
177	88500000	89000000	2.887953	-1.586115	0.579056
178	89000000	89500000	2.625282	-1.881976	0.846854
179	89500000	90000000	2.298510	-2.287095	1.066410
180	90000000	90500000	2.046748	-2.614377	1.091503
181	90500000	91000000	1.824067	-2.819721	1.076403
182	91000000	91500000	1.555132	-2.898667	0.954458
183	91500000	92000000	1.335810	-2.993233	0.193062
184	92000000	92500000	1.223755	-3.054325	-0.480210
185	92500000	93000000	1.325212	-3.085635	-0.843863
186	93000000	93500000	1.460384	-2.995277	-1.022374
187	93500000	94000000	1.402545	-2.873909	-1.121753
188	94000000	94500000	1.411267	-2.763988	-1.232568
189	94500000	95000000	1.495855	-2.688479	-1.314276
190	95000000	95500000	1.569570	-2.579103	-0.748008
191	95500000	96000000	1.699263	-2.506653	-0.285283
192	96000000	96500000	1.741468	-2.378272	-0.207996
193	96500000	97000000	1.823551	-2.198729	-0.311452
194	97000000	97500000	2.022028	-1.948355	-0.460672
195	97500000	98000000	2.200162	-1.966740	-0.606382
196	98000000	98500000	2.234695	-1.972166	-0.704471
197	98500000	99000000	2.143204	-2.038302	-0.772193
198	99000000	99500000	1.994993	-2.012551	-0.814498
199	99500000	100000000	1.896445	-2.101042	-0.902463
200	100000000	100500000	1.692243	-2.358976	-0.965157
201	100500000	101000000	1.378071	-2.721662	-0.975913
202	101000000	101500000	0.954022	-2.904908	-0.935072
203	101500000	102000000	0.739162	-3.073672	-0.997338
204	102000000	102500000	0.539469	-3.246707	-1.084674
205	102500000	103000000	0.343145	-3.488138	-1.195587
206	103000000	103500000	-0.072743	-3.685471	-1.229972
207	103500000	104000000	-0.395031	-3.761866	-1.349980
208	104000000	104500000	-0.912560	-3.628069	-1.532155
209	104500000	105000000	-1.257034	-3.505349	-1.851569
210	105000000	105500000	-1.568946	-3.407324	-2.127414
211	105500000	106000000	-1.756478	-3.339831	-2.302852
212	106000000	106500000	-2.114930	-3.257373	-2.408190
213	106500000	107000000	-2.427687	-3.118055	-2.535229
