# Chromosome: chr15, Resolution: 500000bp
# Generated: 2026-09-24 10:39:50
bin	start	end	x	y	z
0	0	500000	-4.457327	0.823340	-3.455130
1	500000	1000000	-4.179809	1.125474	-3.636960
2	1000000	1500000	-3.870664	1.323312	-3.837903
3	1500000	2000000	-3.572149	1.379211	-4.047285
4	2000000	2500000	-3.073612	1.510247	-4.431709
5	2500000	3000000	-2.656373	1.470107	-4.757627
6	3000000	3500000	-2.434906	1.229093	-4.955633
7	3500000	4000000	-2.518808	0.699059	-4.879429
8	4000000	4500000	-2.803357	0.133051	-4.602454
9	4500000	5000000	-3.300811	-0.039147	-3.724057
10	5000000	5500000	-3.874821	-0.098097	-2.798136
11	5500000	6000000	-4.501826	-0.117839	-1.955687
12	6000000	6500000	-5.068729	-0.293460	-1.230861
13	6500000	7000000	-5.475690	-0.542927	-0.554648
14	7000000	7500000	-5.602804	-0.713741	-0.137509
15	7500000	8000000	-5.563792	-0.983980	0.043407
16	8000000	8500000	-5.344287	-1.682321	-0.425676
17	8500000	9000000	-5.042687	-2.421206	-0.989482
18	9000000	9500000	-4.627579	-3.067329	-1.530012
19	9500000	10000000	-4.116369	-3.444818	-2.047981
20	10000000	10500000	-3.506623	-3.644331	-2.659153
21	10500000	11000000	-2.794705	-3.666173	-3.321715
22	11000000	11500000	-2.095389	-3.511336	-3.944708
23	11500000	12000000	-1.549739	-3.242180	-4.467327
24	12000000	12500000	-1.257959	-2.956060	-4.834458
25	12500000	13000000	-1.235687	-2.653984	-5.020662
26	13000000	13500000	-1.457660	-2.232158	-5.047639
27	13500000	14000000	-1.996555	-1.472298	-4.711551
28	14000000	14500000	-2.705991	-0.689625	-4.174950
29	14500000	15000000	-3.462199	0.076839	-3.444871
30	15000000	15500000	-4.105222	0.840099	-2.599819
31	15500000	16000000	-4.461720	1.677076	-1.758646
32	16000000	16500000	-4.893231	1.836423	-0.884049
33	16500000	17000000	-5.191319	1.862222	-0.150769
34	17000000	17500000	-5.286081	1.715852	0.030518
35	17500000	18000000	-5.169056	1.874214	-0.038682
36	18000000	18500000	-4.719306	2.176860	-0.147315
37	18500000	19000000	-4.142216	2.307508	-0.173803
38	19000000	19500000	-3.897945	2.406512	-0.332305
39	19500000	20000000	-3.508434	3.085468	-0.935582
40	20000000	20500000	-3.042268	3.759468	-1.538232
41	20500000	21000000	-2.271836	4.312820	-1.721952
42	21000000	21500000	-1.336059	4.160682	-1.774911
43	21500000	22000000	-1.007293	4.092075	-1.752327
44	22000000	22500000	-0.835611	4.056955	-1.767638
45	22500000	23000000	-0.498320	4.033180	-1.646856
46	23000000	23500000	0.000344	4.020847	-1.214635
47	23500000	24000000	0.520887	3.927862	-0.722613
48	24000000	24500000	0.636698	3.803164	-0.350817
49	24500000	25000000	0.394961	4.037911	0.051350
50	25000000	25500000	0.418830	3.949936	0.266102
51	25500000	26000000	0.475848	3.958205	0.287055
52	26000000	26500000	0.610373	3.942456	0.152566
53	26500000	27000000	0.743392	3.979475	-0.360692
54	27000000	27500000	0.770452	4.074571	-0.757633
55	27500000	28000000	0.698912	4.016404	-1.503232
56	28000000	28500000	0.673352	3.824847	-2.317083
57	28500000	29000000	0.713369	3.486978	-3.193003
58	29000000	29500000	0.759415	3.009846	-4.032620
59	29500000	30000000	0.807027	2.321324	-4.775668
60	30000000	30500000	0.879544	1.648608	-5.112430
61	30500000	31000000	1.053965	1.132553	-5.520061
62	31000000	31500000	1.463275	0.971649	-5.377054
63	31500000	32000000	1.599143	0.805713	-4.749741
64	32000000	32500000	1.684407	0.769705	-4.038832
65	32500000	33000000	1.914695	0.749913	-3.365021
66	33000000	33500000	2.033452	0.987507	-2.634118
67	33500000	34000000	2.137260	1.301563	-1.848481
68	34000000	34500000	2.086468	1.582096	-1.089328
69	34500000	35000000	1.983447	1.722908	-0.545148
70	35000000	35500000	2.091549	1.785856	-0.497180
71	35500000	36000000	2.210395	1.967889	-0.401123
72	36000000	36500000	2.093204	2.258788	-0.259072
73	36500000	37000000	2.139032	2.294810	-0.186113
74	37000000	37500000	2.080484	2.210660	-0.193893
75	37500000	38000000	2.089027	2.014925	-0.180551
76	38000000	38500000	2.129429	1.638660	-0.256335
77	38500000	39000000	2.277062	1.221383	-0.315910
78	39000000	39500000	2.421570	0.692811	-0.470081
79	39500000	40000000	2.628501	0.114994	-0.658185
80	40000000	40500000	2.703055	-0.297785	-0.798886
81	40500000	41000000	2.820742	-0.692950	-0.868472
82	41000000	41500000	2.975269	-1.062686	-0.984441
83	41500000	42000000	3.064814	-1.366562	-1.076179
84	42000000	42500000	3.038842	-1.413781	-1.155114
85	42500000	43000000	3.027564	-1.394926	-1.057345
86	43000000	43500000	3.121414	-1.307806	-1.034348
87	43500000	44000000	3.081469	-1.089049	-0.851626
88	44000000	44500000	2.933535	-0.627330	-0.650425
89	44500000	45000000	2.702045	0.034586	-0.365528
90	45000000	45500000	2.528623	0.681164	-0.014400
91	45500000	46000000	2.407204	1.283223	0.337762
92	46000000	46500000	2.225429	1.719608	0.527346
93	46500000	47000000	2.015418	2.011139	0.806756
94	47000000	47500000	2.066317	2.111152	0.893953
95	47500000	48000000	2.205844	2.036670	0.946632
96	48000000	48500000	2.333350	1.841595	0.992224
97	48500000	49000000	2.465480	1.505173	0.924616
98	49000000	49500000	2.643700	1.062291	0.798439
99	49500000	50000000	2.761910	0.763147	0.759919
100	50000000	50500000	2.795665	0.538183	0.754126
101	50500000	51000000	2.757086	0.373296	0.781701
102	51000000	51500000	2.655310	0.288969	0.819816
103	51500000	52000000	2.522067	0.287823	0.839119
104	52000000	52500000	2.371858	0.486885	0.958439
105	52500000	53000000	2.201080	0.791438	1.213026
106	53000000	53500000	2.071569	1.112618	1.385390
107	53500000	54000000	1.980443	1.267507	1.502636
108	54000000	54500000	1.935883	1.379551	1.644469
109	54500000	55000000	2.001707	1.334859	1.726292
110	55000000	55500000	2.164912	1.058979	1.749032
111	55500000	56000000	2.277120	0.682793	1.789573
112	56000000	56500000	2.282482	0.320100	1.754050
113	56500000	57000000	2.375017	-0.151875	1.700733
114	57000000	57500000	2.486510	-0.494231	1.617938
115	57500000	58000000	2.528522	-0.835961	1.476085
116	58000000	58500000	2.441895	-1.019747	1.412928
117	58500000	59000000	2.338254	-1.157966	1.315639
118	59000000	59500000	2.267314	-1.250892	1.224725
119	59500000	60000000	2.059077	-1.215686	1.052575
120	60000000	60500000	1.836610	-1.183234	0.890984
121	60500000	61000000	1.600965	-1.108649	0.828918
122	61000000	61500000	1.383458	-1.031497	0.801629
123	61500000	62000000	1.372031	-1.201551	0.714894
124	62000000	62500000	1.429992	-1.449628	0.596489
125	62500000	63000000	1.456405	-1.719052	0.333594
126	63000000	63500000	1.615657	-2.150188	0.173671
127	63500000	64000000	1.754891	-2.488877	0.056109
128	64000000	64500000	1.821249	-2.801048	-0.153208
129	64500000	65000000	1.832557	-3.170114	-0.414858
130	65000000	65500000	1.724383	-3.262472	-0.528924
131	65500000	66000000	1.586294	-3.277592	-0.546269
132	66000000	66500000	1.517625	-3.227275	-0.405724
133	66500000	67000000	1.423548	-3.127941	-0.348515
134	67000000	67500000	1.238026	-2.980440	-0.289248
135	67500000	68000000	1.042293	-2.848457	-0.126194
136	68000000	68500000	0.842065	-2.631134	0.082759
137	68500000	69000000	0.716677	-2.594914	0.096676
138	69000000	69500000	0.479166	-2.454145	0.143418
139	69500000	70000000	0.131992	-2.245515	0.178715
140	70000000	70500000	-0.049304	-2.172765	0.280020
141	70500000	71000000	-0.034996	-2.261067	0.366421
142	71000000	71500000	-0.098498	-2.281841	0.453130
143	71500000	72000000	-0.138931	-2.293088	0.530350
144	72000000	72500000	-0.144532	-2.285160	0.675969
145	72500000	73000000	-0.063531	-2.487503	0.689223
146	73000000	73500000	0.130067	-2.807578	0.662669
147	73500000	74000000	0.288509	-3.044056	0.657525
148	74000000	74500000	0.310987	-3.159658	0.698929
149	74500000	75000000	0.374649	-3.256951	0.763128
150	75000000	75500000	0.461386	-3.346648	0.865108
151	75500000	76000000	0.541514	-3.407588	0.946565
152	76000000	76500000	0.471210	-3.365135	1.086773
153	76500000	77000000	0.494694	-3.273995	1.233707
154	77000000	77500000	0.445276	-3.162918	1.392416
155	77500000	78000000	0.307620	-2.956073	1.533965
156	78000000	78500000	0.240841	-2.789457	1.629517
157	78500000	79000000	0.162372	-2.576932	1.650331
158	79000000	79500000	0.003393	-2.367971	1.680047
159	79500000	80000000	-0.055066	-2.113258	1.746545
160	80000000	80500000	-0.334784	-1.798630	1.808222
161	80500000	81000000	-0.606149	-1.632730	1.885198
162	81000000	81500000	-0.727974	-1.614786	1.959396
163	81500000	82000000	-0.768142	-1.554291	2.035467
164	82000000	82500000	-0.807377	-1.474808	2.127283
165	82500000	83000000	-1.080002	-1.533329	2.280185
166	83000000	83500000	-1.016926	-1.568955	2.397569
167	83500000	84000000	-0.812729	-1.649763	2.550168
168	84000000	84500000	-0.669362	-1.452731	2.620848
169	84500000	85000000	-0.675439	-1.055943	2.631032
170	85000000	85500000	-0.769613	-0.652106	2.586855
171	85500000	86000000	-0.858287	-0.266823	2.570402
172	86000000	86500000	-0.676682	0.203174	2.486087
173	86500000	87000000	-0.734874	0.475254	2.439291
174	87000000	87500000	-0.755777	0.604837	2.368750
175	87500000	88000000	-0.611129	0.470396	2.364593
176	88000000	88500000	-0.323964	0.145193	2.400133
177	88500000	89000000	-0.004123	-0.386832	2.479306
178	89000000	89500000	0.338211	-0.908195	2.559689
179	89500000	90000000	0.477513	-1.172518	2.647830
180	90000000	90500000	0.444215	-1.216467	2.706429
181	90500000	91000000	0.368380	-1.138628	2.779574
182	91000000	91500000	0.265610	-0.990464	2.869926
183	91500000	92000000	0.020725	-0.692674	2.916736
184	92000000	92500000	-0.303578	-0.199683	2.969923
185	92500000	93000000	-0.503090	0.224105	3.003284
186	93000000	93500000	-0.668444	0.534295	3.036982
187	93500000	94000000	-0.658361	0.789507	3.123725
188	94000000	94500000	-0.554050	0.921337	3.217624
189	94500000	95000000	-0.581832	1.158960	3.235321
190	95000000	95500000	-0.620565	1.363539	3.279920
191	95500000	96000000	-0.617413	1.546055	3.298598
192	96000000	96500000	-0.716505	1.750539	3.284097
193	96500000	97000000	-0.665381	1.800098	3.231948
194	97000000	97500000	-0.549773	1.660656	3.213410
195	97500000	98000000	-0.492632	1.546863	3.158597
196	98000000	98500000	-0.382682	1.344390	3.172867
197	98500000	99000000	-0.272831	1.239092	3.135548
198	99000000	99500000	-0.064052	0.947019	3.151032
199	99500000	100000000	0.171659	0.527747	3.216270
200	100000000	100500000	0.058411	0.231247	3.246173
201	100500000	101000000	0.051371	0.142188	3.240499
202	101000000	101500000	-0.075461	0.139140	3.245229
203	101500000	102000000	-0.231222	0.213246	3.194646
