# Chromosome: chr8, Resolution: 500000bp
# Generated: 2026-09-14 16:58:26
bin	start	end	x	y	z
0	0	500000	-2.187657	2.960004	3.602914
1	500000	1000000	-2.372688	3.256316	3.572382
2	1000000	1500000	-2.639848	3.034087	3.405498
3	1500000	2000000	-2.788890	2.727387	3.164469
4	2000000	2500000	-2.887068	2.832761	2.933019
5	2500000	3000000	-3.033911	2.801964	2.659492
6	3000000	3500000	-3.424738	2.151717	2.354954
7	3500000	4000000	-3.751526	1.497436	2.117265
8	4000000	4500000	-3.775473	1.002267	1.918707
9	4500000	5000000	-3.555995	0.744231	1.885373
10	5000000	5500000	-3.269591	0.579346	2.041756
11	5500000	6000000	-3.094963	0.532368	2.367463
12	6000000	6500000	-2.663043	0.869456	2.950796
13	6500000	7000000	-2.184095	0.512077	3.276243
14	7000000	7500000	-1.718380	0.137105	3.454059
15	7500000	8000000	-1.404019	-0.155168	3.603065
16	8000000	8500000	-1.236492	-0.280468	3.695257
17	8500000	9000000	-1.190952	-0.318903	3.678481
18	9000000	9500000	-0.984308	-0.487757	3.540057
19	9500000	10000000	-0.931040	-1.097987	3.214288
20	10000000	10500000	-0.933653	-1.005216	3.101896
21	10500000	11000000	-1.156707	-0.725939	3.417521
22	11000000	11500000	-1.301939	-0.597290	3.347255
23	11500000	12000000	-1.538694	-0.490424	3.167735
24	12000000	12500000	-1.853279	-0.398035	2.980472
25	12500000	13000000	-2.225464	-0.261265	2.732060
26	13000000	13500000	-2.674984	-0.037813	2.403513
27	13500000	14000000	-3.132940	0.182428	2.069708
28	14000000	14500000	-3.433200	0.153944	1.433492
29	14500000	15000000	-3.691304	0.170636	1.172090
30	15000000	15500000	-3.829999	0.111319	1.075265
31	15500000	16000000	-3.725356	0.004919	1.082046
32	16000000	16500000	-3.571948	-0.233048	1.116267
33	16500000	17000000	-3.406178	-0.452170	1.187870
34	17000000	17500000	-3.272521	-0.675298	1.331640
35	17500000	18000000	-3.037412	-0.780008	1.475950
36	18000000	18500000	-2.720864	-0.919058	1.700080
37	18500000	19000000	-2.437548	-1.006322	1.889773
38	19000000	19500000	-2.311403	-0.986991	2.030271
39	19500000	20000000	-2.154063	-0.920407	2.153113
40	20000000	20500000	-1.924747	-0.973107	2.318494
41	20500000	21000000	-1.560669	-1.168905	2.467042
42	21000000	21500000	-1.214504	-1.454616	2.590185
43	21500000	22000000	-1.070870	-1.657768	2.603271
44	22000000	22500000	-1.023822	-1.754836	2.597055
45	22500000	23000000	-1.021131	-1.880800	2.528339
46	23000000	23500000	-1.091025	-1.784506	2.446659
47	23500000	24000000	-1.190545	-1.828393	2.373990
48	24000000	24500000	-1.457942	-1.648410	2.291806
49	24500000	25000000	-1.635694	-1.514637	2.196699
50	25000000	25500000	-1.754935	-1.451589	2.140516
51	25500000	26000000	-1.679296	-1.550509	2.090038
52	26000000	26500000	-1.464541	-1.660556	2.136727
53	26500000	27000000	-1.174754	-1.991836	2.149836
54	27000000	27500000	-0.856889	-2.174147	2.150787
55	27500000	28000000	-0.472698	-2.446912	2.155953
56	28000000	28500000	-0.265584	-2.613978	2.148736
57	28500000	29000000	-0.110873	-2.710553	2.121798
58	29000000	29500000	-0.096579	-2.725223	2.021362
59	29500000	30000000	-0.289867	-2.709984	1.822732
60	30000000	30500000	-0.762058	-2.537381	1.575536
61	30500000	31000000	-1.249831	-2.337848	1.341553
62	31000000	31500000	-1.706885	-2.157104	1.081767
63	31500000	32000000	-2.061777	-2.016046	0.852430
64	32000000	32500000	-2.349696	-1.876453	0.673854
65	32500000	33000000	-2.726960	-1.677344	0.503568
66	33000000	33500000	-2.977099	-1.536339	0.374858
67	33500000	34000000	-3.035094	-1.458218	0.335677
68	34000000	34500000	-3.059535	-1.301529	0.290756
69	34500000	35000000	-3.174012	-1.121668	0.264898
70	35000000	35500000	-3.279745	-0.997706	0.228131
71	35500000	36000000	-3.209770	-1.030978	0.277483
72	36000000	36500000	-2.872274	-1.179494	0.436190
73	36500000	37000000	-2.409503	-1.432326	0.650209
74	37000000	37500000	-1.980958	-1.680672	0.810009
75	37500000	38000000	-1.785996	-2.226461	0.967534
76	38000000	38500000	-1.591855	-2.730767	1.077954
77	38500000	39000000	-1.495501	-2.747637	1.112262
78	39000000	39500000	-1.551257	-2.633582	1.072302
79	39500000	40000000	-1.603107	-2.522394	1.081171
80	40000000	40500000	-1.688718	-2.447387	1.086284
81	40500000	41000000	-1.631057	-2.427939	1.120291
82	41000000	41500000	-1.489906	-2.096171	1.105176
83	41500000	42000000	-1.500621	-1.735496	0.993811
84	42000000	42500000	-1.777938	-1.386015	0.910652
85	42500000	43000000	-1.903657	-0.370733	0.855124
86	43000000	43500000	-2.069547	0.702095	0.810512
87	43500000	44000000	-2.308285	1.915985	0.754636
88	44000000	44500000	-2.915980	2.923556	0.459917
89	44500000	45000000	-3.389247	3.363960	0.224244
90	45000000	45500000	-3.455374	3.654151	0.130694
91	45500000	46000000	-3.074914	3.428764	0.156741
92	46000000	46500000	-2.716393	2.343601	0.180142
93	46500000	47000000	-2.539772	1.398307	0.032938
94	47000000	47500000	-2.459372	0.459224	-0.218845
95	47500000	48000000	-2.115181	-0.222024	-0.275992
96	48000000	48500000	-1.919032	-0.369027	-0.448965
97	48500000	49000000	-1.940304	-0.456267	-0.666352
98	49000000	49500000	-2.121967	-0.437931	-0.964737
99	49500000	50000000	-2.339102	-0.313287	-1.232492
100	50000000	50500000	-2.295561	-0.467484	-1.354937
101	50500000	51000000	-2.242764	-0.511054	-1.425096
102	51000000	51500000	-2.134161	-0.580192	-1.387112
103	51500000	52000000	-1.991152	-0.648938	-1.306601
104	52000000	52500000	-1.631217	-0.919568	-1.086919
105	52500000	53000000	-1.312841	-1.097506	-0.875246
106	53000000	53500000	-1.246038	-1.137371	-0.872919
107	53500000	54000000	-1.239963	-1.080664	-0.877962
108	54000000	54500000	-1.022668	-1.286650	-0.752116
109	54500000	55000000	-0.937143	-1.472663	-0.791454
110	55000000	55500000	-0.863681	-1.599622	-0.832469
111	55500000	56000000	-1.006200	-1.648659	-1.051580
112	56000000	56500000	-1.041078	-1.782709	-1.208131
113	56500000	57000000	-0.765607	-2.018090	-1.098843
114	57000000	57500000	-0.627841	-2.192189	-1.125352
115	57500000	58000000	-0.780003	-2.146430	-1.355092
116	58000000	58500000	-0.845200	-2.096379	-1.543136
117	58500000	59000000	-0.773348	-2.193590	-1.611414
118	59000000	59500000	-0.468259	-2.298824	-1.407462
119	59500000	60000000	-0.298072	-2.296158	-1.333142
120	60000000	60500000	-0.365789	-2.222116	-1.499814
121	60500000	61000000	-0.551896	-2.008660	-1.671629
122	61000000	61500000	-0.615530	-1.856743	-1.749418
123	61500000	62000000	-0.513803	-1.862690	-1.641141
124	62000000	62500000	-0.567324	-1.722697	-1.719493
125	62500000	63000000	-0.850464	-1.423674	-2.015815
126	63000000	63500000	-0.819388	-1.416144	-2.030639
127	63500000	64000000	-0.870896	-1.324374	-2.081483
128	64000000	64500000	-0.543879	-1.504717	-1.839395
129	64500000	65000000	-0.215783	-1.705139	-1.582162
130	65000000	65500000	-0.013133	-1.751116	-1.399989
131	65500000	66000000	0.307896	-1.929663	-1.158863
132	66000000	66500000	0.445717	-1.983831	-1.061543
133	66500000	67000000	0.231203	-1.694778	-1.200878
134	67000000	67500000	0.156155	-1.479481	-1.256608
135	67500000	68000000	-0.102558	-1.218325	-1.525650
136	68000000	68500000	-0.078233	-1.179555	-1.680281
137	68500000	69000000	-0.029437	-1.191639	-1.743149
138	69000000	69500000	-0.091542	-1.158877	-1.926624
139	69500000	70000000	-0.028654	-1.176520	-2.006671
140	70000000	70500000	0.177701	-1.412407	-2.009450
141	70500000	71000000	0.405676	-1.628004	-1.976922
142	71000000	71500000	0.556909	-1.708529	-1.917694
143	71500000	72000000	0.497886	-1.628240	-1.855367
144	72000000	72500000	0.472794	-1.559428	-1.869194
145	72500000	73000000	0.400405	-1.391563	-1.948655
146	73000000	73500000	0.316128	-1.241081	-2.023638
147	73500000	74000000	0.230777	-1.041734	-2.126647
148	74000000	74500000	0.248121	-0.993135	-2.181035
149	74500000	75000000	0.174763	-0.905964	-2.362840
150	75000000	75500000	0.149586	-0.860344	-2.583295
151	75500000	76000000	0.037428	-0.753022	-2.941389
152	76000000	76500000	-0.009697	-0.648905	-3.086982
153	76500000	77000000	0.005162	-0.595133	-3.145766
154	77000000	77500000	0.122624	-0.636171	-3.021323
155	77500000	78000000	0.016167	-0.410012	-3.014096
156	78000000	78500000	0.274894	-0.546484	-2.757767
157	78500000	79000000	0.428974	-0.589994	-2.500394
158	79000000	79500000	0.512516	-0.559018	-2.209550
159	79500000	80000000	0.710730	-0.666241	-1.864892
160	80000000	80500000	0.812194	-0.678831	-1.673728
161	80500000	81000000	0.629694	-0.456245	-1.802235
162	81000000	81500000	0.624355	-0.415094	-1.866589
163	81500000	82000000	0.312032	-0.092057	-1.996291
164	82000000	82500000	0.051899	0.243637	-2.248706
165	82500000	83000000	-0.172277	0.492238	-2.475049
166	83000000	83500000	-0.414984	0.766051	-2.640916
167	83500000	84000000	-0.489715	0.837569	-2.528480
168	84000000	84500000	-0.596854	0.995996	-2.343057
169	84500000	85000000	-0.579889	1.012616	-2.081673
170	85000000	85500000	-0.430830	0.985028	-2.014669
171	85500000	86000000	-0.498996	1.122281	-1.976123
172	86000000	86500000	-0.515688	1.251587	-1.856555
173	86500000	87000000	-0.517751	1.356769	-1.863200
174	87000000	87500000	-0.583899	1.591106	-2.054526
175	87500000	88000000	-0.438174	1.580602	-2.197821
176	88000000	88500000	-0.173144	1.366740	-2.277491
177	88500000	89000000	-0.188659	1.463246	-2.329159
178	89000000	89500000	0.067591	1.280943	-2.322550
179	89500000	90000000	0.333636	1.060614	-2.323088
180	90000000	90500000	0.358573	1.096880	-2.222023
181	90500000	91000000	0.449193	1.040604	-2.098850
182	91000000	91500000	0.496733	1.065582	-1.962395
183	91500000	92000000	0.277820	1.403978	-1.885331
184	92000000	92500000	0.490524	1.156434	-1.666442
185	92500000	93000000	0.684725	0.920140	-1.385111
186	93000000	93500000	0.858085	0.716405	-1.127227
187	93500000	94000000	1.223850	0.333316	-0.946827
188	94000000	94500000	1.329288	0.284758	-0.781226
189	94500000	95000000	1.507200	0.051074	-0.584001
190	95000000	95500000	1.608931	-0.005852	-0.506554
191	95500000	96000000	1.561285	0.124934	-0.465874
192	96000000	96500000	1.579269	0.142456	-0.410831
193	96500000	97000000	1.612727	0.141002	-0.334664
194	97000000	97500000	1.714065	0.025744	-0.306500
195	97500000	98000000	2.038917	-0.442083	-0.326650
196	98000000	98500000	2.301126	-0.698248	-0.304505
197	98500000	99000000	2.568840	-1.094040	-0.135342
198	99000000	99500000	2.817145	-1.380826	0.032441
199	99500000	100000000	2.917061	-1.458101	0.098884
200	100000000	100500000	3.023957	-1.526592	0.030270
201	100500000	101000000	3.065639	-1.583290	0.080326
202	101000000	101500000	3.057721	-1.515777	0.187399
203	101500000	102000000	2.988566	-1.421595	0.065566
204	102000000	102500000	2.924824	-1.199571	-0.310114
205	102500000	103000000	2.833499	-1.033800	-0.638279
206	103000000	103500000	2.754776	-0.841871	-0.931254
207	103500000	104000000	2.530798	-0.479389	-1.283956
208	104000000	104500000	2.286970	-0.016891	-1.692776
209	104500000	105000000	2.108946	0.319165	-2.070166
210	105000000	105500000	2.066336	0.481757	-2.203749
211	105500000	106000000	1.978844	0.689044	-2.237236
212	106000000	106500000	1.893712	0.907909	-2.343998
213	106500000	107000000	1.857748	1.030153	-2.429021
214	107000000	107500000	1.933357	1.021684	-2.365100
215	107500000	108000000	2.074229	0.907831	-2.270735
216	108000000	108500000	2.109014	0.911807	-2.194464
217	108500000	109000000	1.956223	1.146451	-2.294604
218	109000000	109500000	1.858885	1.285292	-2.263363
219	109500000	110000000	1.764485	1.427717	-2.254022
220	110000000	110500000	1.620429	1.640193	-2.269203
221	110500000	111000000	1.493161	1.858424	-2.252835
222	111000000	111500000	1.417835	2.152455	-2.271622
223	111500000	112000000	1.418475	2.342712	-2.329242
224	112000000	112500000	1.608897	2.299121	-2.238607
225	112500000	113000000	1.797023	2.259381	-2.201962
226	113000000	113500000	1.862988	2.346235	-2.121271
227	113500000	114000000	2.090953	2.233365	-1.985100
228	114000000	114500000	2.108427	2.289791	-1.870392
229	114500000	115000000	2.101158	2.269920	-1.789130
230	115000000	115500000	2.206685	2.049879	-1.580928
231	115500000	116000000	2.110303	2.088103	-1.450116
232	116000000	116500000	2.108560	1.923374	-1.275422
233	116500000	117000000	2.304096	1.576147	-1.082052
234	117000000	117500000	2.332069	1.405075	-0.974923
235	117500000	118000000	2.439851	1.270114	-0.899682
236	118000000	118500000	2.520091	1.073457	-0.760325
237	118500000	119000000	2.455570	1.223567	-0.742969
238	119000000	119500000	2.547131	1.150099	-0.699342
239	119500000	120000000	2.465435	1.379570	-0.719629
240	120000000	120500000	2.304444	1.653251	-0.741075
241	120500000	121000000	2.106709	1.922899	-0.724703
242	121000000	121500000	2.165807	1.746897	-0.606397
243	121500000	122000000	2.255363	1.609605	-0.461259
244	122000000	122500000	2.337152	1.433804	-0.265257
245	122500000	123000000	2.408490	1.318945	-0.050625
246	123000000	123500000	2.632325	0.988917	0.172223
247	123500000	124000000	2.870221	0.656818	0.397788
248	124000000	124500000	3.089303	0.496752	0.528785
249	124500000	125000000	3.057353	0.699475	0.581801
250	125000000	125500000	2.966492	0.968659	0.612973
251	125500000	126000000	3.024594	1.012229	0.669051
252	126000000	126500000	3.051513	1.011249	0.695591
253	126500000	127000000	2.999703	1.119141	0.682678
254	127000000	127500000	2.928721	1.669804	0.719962
255	127500000	128000000	2.856821	1.783493	0.724432
256	128000000	128500000	2.943567	1.684454	0.727694
257	128500000	129000000	3.037056	1.547698	0.767373
258	129000000	129500000	2.878777	1.755674	0.697486
259	129500000	130000000	2.686650	2.052686	0.609278
260	130000000	130500000	2.566328	2.220949	0.578453
261	130500000	131000000	2.406469	1.952001	0.494499
262	131000000	131500000	2.348110	1.888482	0.578191
263	131500000	132000000	2.273041	1.898970	0.717202
264	132000000	132500000	2.182307	1.950290	0.798446
265	132500000	133000000	2.178947	1.926967	0.881768
266	133000000	133500000	2.223544	1.789943	0.996465
267	133500000	134000000	2.113237	1.860708	1.015361
268	134000000	134500000	2.034483	1.979874	0.999177
269	134500000	135000000	1.928170	2.169273	0.922537
270	135000000	135500000	1.775694	2.398194	0.730815
271	135500000	136000000	1.525895	2.700557	0.533043
272	136000000	136500000	1.344499	2.851290	0.406477
273	136500000	137000000	1.146494	3.001932	0.315446
274	137000000	137500000	1.134170	2.949680	0.379770
275	137500000	138000000	1.184289	2.807947	0.505930
276	138000000	138500000	1.258802	2.629891	0.690324
277	138500000	139000000	1.438092	2.250738	0.957867
278	139000000	139500000	1.744212	1.741379	1.256302
279	139500000	140000000	2.108560	1.266680	1.614837
280	140000000	140500000	2.365819	1.056482	1.983564
281	140500000	141000000	2.578571	0.891828	2.322233
282	141000000	141500000	2.759269	0.689059	2.582995
283	141500000	142000000	2.933607	0.478602	2.894748
284	142000000	142500000	3.028924	0.402664	3.336742
285	142500000	143000000	3.079259	0.399502	3.607296
286	143000000	143500000	2.983693	0.501783	3.792757
287	143500000	144000000	2.924323	0.629506	4.082408
288	144000000	144500000	2.954375	0.524929	4.207946
289	144500000	145000000	2.967681	0.523196	4.407663
290	145000000	145500000	2.900584	0.631652	4.533221
