# Chromosome: chr7, Resolution: 500000bp
# Generated: 2026-08-26 10:14:47
bin	start	end	x	y	z
0	0	500000	-0.683499	3.465704	0.980532
1	500000	1000000	-0.936448	3.373867	0.845847
2	1000000	1500000	-0.877996	3.342050	0.714666
3	1500000	2000000	-0.645440	3.141430	0.527105
4	2000000	2500000	-0.455210	2.830385	0.221445
5	2500000	3000000	-0.012418	2.545625	0.028008
6	3000000	3500000	0.219566	2.502644	-0.055079
7	3500000	4000000	0.299127	2.465141	-0.134377
8	4000000	4500000	0.407689	2.546397	-0.154928
9	4500000	5000000	0.278411	2.510551	-0.163746
10	5000000	5500000	0.121167	2.800157	0.018092
11	5500000	6000000	-0.184590	3.073242	0.127957
12	6000000	6500000	-0.461893	3.286476	0.141206
13	6500000	7000000	-0.388927	3.275053	0.072446
14	7000000	7500000	0.031451	3.205298	0.009021
15	7500000	8000000	0.577788	3.060274	-0.037877
16	8000000	8500000	1.159771	2.958113	-0.118780
17	8500000	9000000	1.507772	2.805556	-0.224722
18	9000000	9500000	1.619959	2.710808	-0.314654
19	9500000	10000000	1.742407	2.649998	-0.347987
20	10000000	10500000	1.931864	2.573969	-0.412611
21	10500000	11000000	1.964123	2.622682	-0.394259
22	11000000	11500000	1.804209	2.587620	-0.501314
23	11500000	12000000	1.849685	2.606887	-0.486089
24	12000000	12500000	1.912731	2.509082	-0.606307
25	12500000	13000000	2.108536	2.421989	-0.664681
26	13000000	13500000	2.200767	2.312558	-0.759810
27	13500000	14000000	2.224489	2.227043	-0.851661
28	14000000	14500000	2.289296	2.145614	-1.003214
29	14500000	15000000	2.378601	2.106143	-1.114144
30	15000000	15500000	2.146776	2.048208	-1.232006
31	15500000	16000000	1.840867	2.140081	-1.225538
32	16000000	16500000	1.559017	2.310399	-1.223855
33	16500000	17000000	1.470638	2.488456	-1.251370
34	17000000	17500000	1.397026	2.695957	-1.124020
35	17500000	18000000	1.259421	2.790488	-1.080395
36	18000000	18500000	1.132789	2.886659	-1.059245
37	18500000	19000000	0.980736	3.042717	-1.033718
38	19000000	19500000	1.137563	3.045533	-1.119572
39	19500000	20000000	1.033639	2.979596	-1.145727
40	20000000	20500000	0.916469	2.845652	-1.136635
41	20500000	21000000	0.639275	2.779030	-1.255135
42	21000000	21500000	0.328385	2.748542	-1.271560
43	21500000	22000000	-0.118954	2.738495	-1.151103
44	22000000	22500000	-0.272526	2.706766	-1.111012
45	22500000	23000000	-0.590483	2.583113	-1.062682
46	23000000	23500000	-0.816707	2.580196	-1.040920
47	23500000	24000000	-1.005688	2.594036	-1.058596
48	24000000	24500000	-1.132910	2.513195	-1.072871
49	24500000	25000000	-1.340861	2.493947	-1.068467
50	25000000	25500000	-1.254061	2.475234	-1.183671
51	25500000	26000000	-1.308350	2.466238	-1.337888
52	26000000	26500000	-1.386639	2.587755	-1.370165
53	26500000	27000000	-1.340559	2.511682	-1.471632
54	27000000	27500000	-1.382188	2.474809	-1.496618
55	27500000	28000000	-1.300060	2.493355	-1.547358
56	28000000	28500000	-1.115132	2.438915	-1.657543
57	28500000	29000000	-1.220080	2.413273	-1.686357
58	29000000	29500000	-1.208450	2.322678	-1.712396
59	29500000	30000000	-0.983591	2.207384	-1.900285
60	30000000	30500000	-0.759441	2.110447	-1.966016
61	30500000	31000000	-0.527547	2.046093	-2.042151
62	31000000	31500000	-0.449354	2.015137	-2.089295
63	31500000	32000000	-0.246795	1.998133	-2.130908
64	32000000	32500000	0.181716	1.945396	-2.276227
65	32500000	33000000	0.603554	1.894024	-2.325927
66	33000000	33500000	0.698999	1.827113	-2.277724
67	33500000	34000000	0.703082	1.828680	-2.329333
68	34000000	34500000	0.560591	1.913399	-2.423732
69	34500000	35000000	0.394244	1.789043	-2.485557
70	35000000	35500000	0.193471	1.664905	-2.518156
71	35500000	36000000	-0.138455	1.621798	-2.475116
72	36000000	36500000	-0.646462	1.576705	-2.489249
73	36500000	37000000	-0.865939	1.530679	-2.436057
74	37000000	37500000	-0.969858	1.490481	-2.406201
75	37500000	38000000	-0.924580	1.365043	-2.420932
76	38000000	38500000	-0.852726	1.383892	-2.476884
77	38500000	39000000	-0.703713	1.364751	-2.594674
78	39000000	39500000	-0.329624	1.234122	-2.714901
79	39500000	40000000	0.033263	1.146615	-2.760759
80	40000000	40500000	0.151112	1.069218	-2.870026
81	40500000	41000000	0.268800	0.982038	-2.987556
82	41000000	41500000	0.302251	0.880119	-3.103886
83	41500000	42000000	0.306635	0.761467	-3.039715
84	42000000	42500000	0.070001	0.760655	-2.876684
85	42500000	43000000	-0.487232	0.836095	-2.734877
86	43000000	43500000	-0.945116	0.904091	-2.633587
87	43500000	44000000	-1.171880	0.945751	-2.588516
88	44000000	44500000	-1.275392	0.914477	-2.587977
89	44500000	45000000	-1.173347	0.865927	-2.551242
90	45000000	45500000	-0.823881	0.898827	-2.603161
91	45500000	46000000	-0.503446	0.882511	-2.666534
92	46000000	46500000	-0.191894	0.805817	-2.711703
93	46500000	47000000	0.258673	0.723814	-2.707735
94	47000000	47500000	0.721475	0.696749	-2.661858
95	47500000	48000000	0.967158	0.682727	-2.564654
96	48000000	48500000	1.072515	0.685264	-2.411748
97	48500000	49000000	0.836145	0.614204	-2.344043
98	49000000	49500000	0.946650	0.513017	-2.318059
99	49500000	50000000	1.331957	0.444647	-2.379019
100	50000000	50500000	1.616139	0.333999	-2.431458
101	50500000	51000000	1.695461	0.235969	-2.435444
102	51000000	51500000	1.825289	0.165756	-2.442902
103	51500000	52000000	2.018340	0.069033	-2.449205
104	52000000	52500000	2.374378	0.013836	-2.426028
105	52500000	53000000	2.455833	-0.078230	-2.366792
106	53000000	53500000	2.394612	-0.065574	-2.155733
107	53500000	54000000	2.132801	-0.012603	-2.111598
108	54000000	54500000	1.841628	-0.053058	-2.130976
109	54500000	55000000	1.879586	-0.050836	-2.028817
110	55000000	55500000	2.007535	-0.100387	-1.949301
111	55500000	56000000	2.172348	-0.162439	-1.835479
112	56000000	56500000	2.456755	-0.101712	-1.687282
113	56500000	57000000	2.822066	-0.038559	-1.373743
114	57000000	57500000	3.310256	0.064887	-0.855281
115	57500000	58000000	3.823232	0.307999	-0.269723
116	58000000	58500000	3.971307	0.629204	0.295834
117	58500000	59000000	3.954390	1.042155	0.846356
118	59000000	59500000	4.060230	1.073633	1.180282
119	59500000	60000000	4.105239	0.994058	1.402744
120	60000000	60500000	4.108288	0.740991	1.359446
121	60500000	61000000	4.107597	0.454172	1.096007
122	61000000	61500000	4.126547	0.032163	0.755478
123	61500000	62000000	4.158419	-0.520539	0.316689
124	62000000	62500000	4.184104	-1.121290	-0.175378
125	62500000	63000000	3.958833	-1.403299	-0.562221
126	63000000	63500000	3.387222	-1.670792	-1.112830
127	63500000	64000000	2.715374	-1.802799	-1.683416
128	64000000	64500000	1.926325	-1.952048	-2.122733
129	64500000	65000000	1.025911	-1.890898	-2.428099
130	65000000	65500000	0.101928	-1.758399	-2.653372
131	65500000	66000000	-0.454683	-1.665408	-2.900549
132	66000000	66500000	-0.768682	-1.591589	-3.020371
133	66500000	67000000	-0.606892	-1.475758	-2.917109
134	67000000	67500000	-0.315062	-1.400544	-2.704731
135	67500000	68000000	-0.076040	-1.355958	-2.550744
136	68000000	68500000	0.133075	-1.354203	-2.512536
137	68500000	69000000	0.479791	-1.417539	-2.497693
138	69000000	69500000	0.462991	-1.414678	-2.389815
139	69500000	70000000	0.671499	-1.409097	-2.329031
140	70000000	70500000	0.632433	-1.415985	-2.305605
141	70500000	71000000	0.554983	-1.481553	-2.376353
142	71000000	71500000	0.275591	-1.444870	-2.436394
143	71500000	72000000	-0.093648	-1.379802	-2.447357
144	72000000	72500000	-0.484877	-1.223064	-2.290060
145	72500000	73000000	-0.936323	-0.927417	-2.141735
146	73000000	73500000	-1.839164	-0.528953	-1.965963
147	73500000	74000000	-2.644956	-0.267023	-1.849707
148	74000000	74500000	-3.278914	0.016683	-1.579463
149	74500000	75000000	-3.501780	0.175093	-1.326585
150	75000000	75500000	-3.509812	-0.025500	-1.332391
151	75500000	76000000	-3.462506	-0.217565	-1.390012
152	76000000	76500000	-3.300413	-0.546659	-1.458276
153	76500000	77000000	-2.689096	-0.932990	-1.451764
154	77000000	77500000	-1.906331	-1.229961	-1.326148
155	77500000	78000000	-1.326437	-1.530092	-1.332808
156	78000000	78500000	-0.698606	-1.889926	-1.392960
157	78500000	79000000	-0.065055	-2.020551	-1.215627
158	79000000	79500000	0.429202	-2.178509	-1.103483
159	79500000	80000000	0.926669	-2.308566	-0.982729
160	80000000	80500000	0.831546	-2.442676	-1.033068
161	80500000	81000000	0.647400	-2.594295	-1.137103
162	81000000	81500000	0.545750	-2.705642	-1.173810
163	81500000	82000000	0.443278	-2.646411	-1.070054
164	82000000	82500000	0.311810	-2.659973	-0.959672
165	82500000	83000000	0.299782	-2.769640	-0.957214
166	83000000	83500000	0.323922	-2.931456	-0.938506
167	83500000	84000000	0.481181	-3.009441	-0.835496
168	84000000	84500000	0.720868	-3.088749	-0.740448
169	84500000	85000000	0.819405	-3.123437	-0.641810
170	85000000	85500000	0.755209	-3.145737	-0.577204
171	85500000	86000000	0.632212	-2.953758	-0.553049
172	86000000	86500000	0.363569	-2.888936	-0.632907
173	86500000	87000000	0.089009	-2.768178	-0.634759
174	87000000	87500000	0.011887	-2.815679	-0.682967
175	87500000	88000000	0.004230	-2.790196	-0.574900
176	88000000	88500000	-0.031669	-2.754360	-0.513346
177	88500000	89000000	-0.205650	-2.787725	-0.542720
178	89000000	89500000	-0.274802	-2.845075	-0.566196
179	89500000	90000000	-0.239266	-2.840300	-0.479133
180	90000000	90500000	-0.297815	-2.789775	-0.433950
181	90500000	91000000	-0.609649	-2.565130	-0.407193
182	91000000	91500000	-1.123660	-2.452561	-0.526105
183	91500000	92000000	-1.344594	-2.459920	-0.536093
184	92000000	92500000	-1.314841	-2.542051	-0.549005
185	92500000	93000000	-1.350487	-2.717720	-0.529479
186	93000000	93500000	-1.342824	-2.758777	-0.408348
187	93500000	94000000	-1.424502	-2.817772	-0.376241
188	94000000	94500000	-1.415647	-2.944668	-0.340587
189	94500000	95000000	-1.405896	-2.922464	-0.260473
190	95000000	95500000	-1.414561	-2.816795	-0.253787
191	95500000	96000000	-1.522848	-2.594217	-0.275279
192	96000000	96500000	-1.624570	-2.423416	-0.284981
193	96500000	97000000	-1.840184	-2.082990	-0.273297
194	97000000	97500000	-2.015957	-1.774771	-0.287205
195	97500000	98000000	-2.247886	-1.359178	-0.145713
196	98000000	98500000	-2.473199	-0.974871	-0.095098
197	98500000	99000000	-2.851721	-0.590850	-0.098407
198	99000000	99500000	-3.133176	-0.223888	0.072402
199	99500000	100000000	-3.295815	0.084224	0.174676
200	100000000	100500000	-3.438031	0.162063	0.216718
201	100500000	101000000	-3.517567	0.251295	0.331670
202	101000000	101500000	-2.633265	-0.172903	0.245368
203	101500000	102000000	-2.614732	-0.430836	0.258004
204	102000000	102500000	-2.414949	-0.793637	0.318541
205	102500000	103000000	-2.146097	-1.099988	0.356932
206	103000000	103500000	-1.999163	-1.360388	0.406842
207	103500000	104000000	-2.034770	-1.495037	0.417034
208	104000000	104500000	-1.928412	-1.586993	0.430982
209	104500000	105000000	-2.631102	-1.323967	0.528936
210	105000000	105500000	-2.438126	-1.292261	0.640838
211	105500000	106000000	-2.550891	-1.272427	0.755082
212	106000000	106500000	-2.625023	-1.280219	0.823369
213	106500000	107000000	-2.490413	-1.221721	0.886107
214	107000000	107500000	-2.044442	-1.431240	1.022757
215	107500000	108000000	-1.498355	-1.659445	1.122133
216	108000000	108500000	-0.915502	-1.906665	1.214172
217	108500000	109000000	-0.480614	-2.169867	1.270904
218	109000000	109500000	-0.080558	-2.349326	1.288830
219	109500000	110000000	0.035224	-2.574418	1.372956
220	110000000	110500000	0.192140	-2.850866	1.450642
221	110500000	111000000	0.184222	-2.784928	1.448624
222	111000000	111500000	0.028419	-2.821523	1.489220
223	111500000	112000000	-0.037180	-2.820081	1.598419
224	112000000	112500000	0.085171	-2.784553	1.661482
225	112500000	113000000	0.299939	-2.818187	1.705661
226	113000000	113500000	0.361213	-2.753881	1.706159
227	113500000	114000000	0.417155	-2.720795	1.723275
228	114000000	114500000	0.708281	-2.814012	1.768405
229	114500000	115000000	0.603081	-2.750874	1.818812
230	115000000	115500000	0.287718	-2.633166	1.846292
231	115500000	116000000	-0.151982	-2.506351	1.887323
232	116000000	116500000	-0.256007	-2.393828	1.970921
233	116500000	117000000	-0.019981	-2.342321	1.963875
234	117000000	117500000	0.344233	-2.230833	1.933297
235	117500000	118000000	0.503036	-2.143801	1.941137
236	118000000	118500000	0.958869	-2.147685	1.936814
237	118500000	119000000	0.970366	-2.191027	1.906060
238	119000000	119500000	1.120441	-2.219693	1.962160
239	119500000	120000000	1.059097	-2.158450	1.972183
240	120000000	120500000	1.104647	-2.103756	2.040531
241	120500000	121000000	0.849406	-2.093432	2.201674
242	121000000	121500000	0.486386	-2.042737	2.367154
243	121500000	122000000	0.207635	-2.005445	2.451378
244	122000000	122500000	0.391945	-1.916211	2.606769
245	122500000	123000000	0.549259	-1.829255	2.601398
246	123000000	123500000	0.612473	-1.715929	2.560522
247	123500000	124000000	0.744503	-1.677041	2.580235
248	124000000	124500000	0.845894	-1.591638	2.584415
249	124500000	125000000	0.728061	-1.555626	2.575639
250	125000000	125500000	0.566671	-1.499252	2.592870
251	125500000	126000000	0.477488	-1.456202	2.461384
252	126000000	126500000	0.069235	-1.332851	2.373758
253	126500000	127000000	-0.369713	-1.163161	2.374685
254	127000000	127500000	-1.078482	-0.835674	2.332295
255	127500000	128000000	-1.759938	-0.546711	2.180064
256	128000000	128500000	-2.074486	-0.209900	2.024441
257	128500000	129000000	-2.383540	0.076446	1.899391
258	129000000	129500000	-2.708444	0.273027	1.878470
259	129500000	130000000	-2.807531	0.390498	1.853471
260	130000000	130500000	-2.734325	0.328857	1.823402
261	130500000	131000000	-2.506863	0.229097	1.882042
262	131000000	131500000	-2.313457	0.112466	1.993281
263	131500000	132000000	-2.162458	-0.028138	2.064700
264	132000000	132500000	-2.055113	-0.197358	2.138904
265	132500000	133000000	-2.016516	-0.294481	2.266148
266	133000000	133500000	-1.872714	-0.308191	2.405194
267	133500000	134000000	-1.844501	-0.230423	2.447750
268	134000000	134500000	-1.803410	-0.322691	2.468723
269	134500000	135000000	-1.589171	-0.367287	2.584547
270	135000000	135500000	-0.987846	-0.426670	2.613587
271	135500000	136000000	-0.580605	-0.458777	2.786069
272	136000000	136500000	-0.404631	-0.486434	2.804044
273	136500000	137000000	-0.277674	-0.556195	2.763404
274	137000000	137500000	-0.167027	-0.570414	2.836920
275	137500000	138000000	-0.310873	-0.462933	2.757292
276	138000000	138500000	-0.581861	-0.275187	2.658775
277	138500000	139000000	-1.212378	-0.049347	2.697060
278	139000000	139500000	-1.573509	0.183549	2.673573
279	139500000	140000000	-1.573321	0.333236	2.663085
280	140000000	140500000	-1.540132	0.407661	2.797994
281	140500000	141000000	-0.873946	0.432022	2.775031
282	141000000	141500000	0.019057	0.480267	2.784586
283	141500000	142000000	0.327130	0.485399	2.897011
284	142000000	142500000	0.696739	0.460198	3.093190
285	142500000	143000000	0.978027	0.305799	3.077356
286	143000000	143500000	1.210184	0.184927	3.028933
287	143500000	144000000	1.525468	0.117912	2.970906
288	144000000	144500000	1.338560	0.133042	3.076549
289	144500000	145000000	1.033956	0.026241	3.203400
290	145000000	145500000	1.273656	-0.113370	3.174440
291	145500000	146000000	1.453659	-0.211611	3.010199
292	146000000	146500000	1.619198	-0.160540	3.000260
293	146500000	147000000	1.707918	-0.056448	3.150312
294	147000000	147500000	1.408426	0.078167	3.112431
295	147500000	148000000	0.894200	0.269699	3.062453
296	148000000	148500000	0.429966	0.541151	3.027275
297	148500000	149000000	0.020385	0.952585	2.993601
298	149000000	149500000	-0.414535	1.112708	2.878841
299	149500000	150000000	-0.916583	1.326330	2.740067
300	150000000	150500000	-1.281278	1.491328	2.546283
301	150500000	151000000	-1.299851	1.724655	2.573285
302	151000000	151500000	-1.106637	1.697326	2.607570
303	151500000	152000000	-0.746539	1.548852	2.590448
304	152000000	152500000	-0.333144	1.305371	2.593706
305	152500000	153000000	0.104243	1.280708	2.682398
306	153000000	153500000	0.502052	1.191114	2.740956
307	153500000	154000000	0.738262	1.191419	2.822402
308	154000000	154500000	0.753924	1.049668	2.770655
309	154500000	155000000	0.845473	1.050679	2.740613
310	155000000	155500000	0.577116	1.141751	2.682239
311	155500000	156000000	0.283651	1.211611	2.626497
312	156000000	156500000	0.232741	1.330044	2.661744
313	156500000	157000000	0.360519	1.472283	2.699458
314	157000000	157500000	0.379630	1.561507	2.666337
315	157500000	158000000	0.640981	1.655029	2.739153
316	158000000	158500000	0.636690	1.697189	2.710920
317	158500000	159000000	0.895908	1.793151	2.802201
318	159000000	159500000	1.207666	1.887890	2.879549
