# Chromosome: chr11, Resolution: 500000bp
# Generated: 2026-08-26 10:16:55
bin	start	end	x	y	z
0	0	500000	-2.945283	3.865205	0.706529
1	500000	1000000	-3.025792	3.667157	0.481750
2	1000000	1500000	-3.018333	3.617992	0.335263
3	1500000	2000000	-2.916369	3.586064	0.245618
4	2000000	2500000	-2.831368	3.475655	0.055190
5	2500000	3000000	-2.755827	3.225303	-0.283479
6	3000000	3500000	-2.596704	2.892226	-0.656492
7	3500000	4000000	-2.367032	2.570638	-1.051915
8	4000000	4500000	-2.122479	2.338922	-1.302892
9	4500000	5000000	-2.004636	2.191523	-1.536912
10	5000000	5500000	-1.987008	2.045207	-1.802767
11	5500000	6000000	-1.975636	1.847196	-2.067548
12	6000000	6500000	-1.973147	1.911211	-2.144853
13	6500000	7000000	-1.905674	2.037637	-2.050951
14	7000000	7500000	-1.814747	2.251484	-1.843206
15	7500000	8000000	-1.766803	2.550352	-1.607012
16	8000000	8500000	-1.602477	2.638974	-1.417678
17	8500000	9000000	-1.485160	2.696602	-1.335329
18	9000000	9500000	-1.435603	2.779539	-1.246100
19	9500000	10000000	-1.276895	2.658701	-1.160913
20	10000000	10500000	-1.261101	2.604156	-1.142418
21	10500000	11000000	-1.166920	2.451665	-1.262005
22	11000000	11500000	-1.209509	2.216649	-1.600384
23	11500000	12000000	-1.228093	2.019329	-1.838333
24	12000000	12500000	-1.104664	1.867332	-1.990427
25	12500000	13000000	-1.033307	1.721700	-2.205565
26	13000000	13500000	-1.159366	1.622532	-2.548500
27	13500000	14000000	-1.173868	1.491277	-2.845927
28	14000000	14500000	-1.217787	1.383653	-3.030326
29	14500000	15000000	-1.229243	1.179823	-3.157265
30	15000000	15500000	-1.142272	1.169482	-3.198545
31	15500000	16000000	-1.161968	1.291936	-3.065496
32	16000000	16500000	-1.042719	1.419321	-2.878006
33	16500000	17000000	-0.861160	1.666893	-2.497497
34	17000000	17500000	-0.675614	1.858123	-2.186399
35	17500000	18000000	-0.625701	2.080048	-2.039327
36	18000000	18500000	-0.434299	2.367472	-1.802129
37	18500000	19000000	-0.409195	2.434547	-1.755644
38	19000000	19500000	-0.301289	2.133125	-1.948447
39	19500000	20000000	-0.345308	1.746442	-2.245472
40	20000000	20500000	-0.321438	1.269490	-2.565426
41	20500000	21000000	-0.431224	0.871449	-2.936743
42	21000000	21500000	-0.426830	0.595310	-3.100279
43	21500000	22000000	-0.357601	0.268126	-3.286040
44	22000000	22500000	-0.305862	-0.037185	-3.509848
45	22500000	23000000	-0.320747	-0.183026	-3.651907
46	23000000	23500000	-0.196987	-0.235850	-3.698447
47	23500000	24000000	-0.102773	-0.334295	-3.825283
48	24000000	24500000	0.118344	-0.250691	-3.740199
49	24500000	25000000	0.286405	-0.260365	-3.706141
50	25000000	25500000	0.277700	-0.176340	-3.777997
51	25500000	26000000	0.315901	-0.059007	-3.732735
52	26000000	26500000	0.401091	0.195896	-3.681182
53	26500000	27000000	0.490893	0.589671	-3.651781
54	27000000	27500000	0.592078	0.715599	-3.700713
55	27500000	28000000	0.655122	0.664770	-3.775808
56	28000000	28500000	0.727734	0.584293	-3.893286
57	28500000	29000000	0.901192	0.685427	-3.776767
58	29000000	29500000	1.033285	0.630389	-3.752565
59	29500000	30000000	1.138060	0.585641	-3.706272
60	30000000	30500000	1.225917	0.563793	-3.608400
61	30500000	31000000	1.288942	0.873397	-3.327895
62	31000000	31500000	1.331816	1.376504	-3.031642
63	31500000	32000000	1.283921	1.806469	-2.617596
64	32000000	32500000	1.198103	2.073607	-2.319558
65	32500000	33000000	1.107989	2.474153	-1.961303
66	33000000	33500000	1.067549	2.722605	-1.730695
67	33500000	34000000	0.954369	2.696345	-1.426121
68	34000000	34500000	0.962193	2.748690	-1.361861
69	34500000	35000000	1.001603	2.573970	-1.391772
70	35000000	35500000	1.112547	2.327251	-1.568855
71	35500000	36000000	1.289683	1.742783	-1.908988
72	36000000	36500000	1.489967	1.195584	-2.280293
73	36500000	37000000	1.701547	0.815753	-2.499711
74	37000000	37500000	1.965259	0.523774	-2.808507
75	37500000	38000000	2.111856	0.056005	-2.988587
76	38000000	38500000	2.196958	-0.272337	-3.077093
77	38500000	39000000	2.295986	-0.393430	-3.219017
78	39000000	39500000	2.386909	-0.333898	-3.120166
79	39500000	40000000	2.542622	-0.249188	-3.028403
80	40000000	40500000	2.534781	-0.162108	-2.944162
81	40500000	41000000	2.521266	-0.005523	-2.849672
82	41000000	41500000	2.544283	0.214831	-2.677107
83	41500000	42000000	2.526205	0.416347	-2.602136
84	42000000	42500000	2.403784	0.555416	-2.296888
85	42500000	43000000	2.211020	0.900306	-2.001005
86	43000000	43500000	1.939502	1.284216	-1.643271
87	43500000	44000000	1.794244	1.538357	-1.328042
88	44000000	44500000	1.491666	1.790615	-0.983193
89	44500000	45000000	1.272289	2.202584	-0.650202
90	45000000	45500000	1.144630	2.605473	-0.332637
91	45500000	46000000	1.304390	2.908319	-0.186417
92	46000000	46500000	1.535438	3.029793	-0.139059
93	46500000	47000000	1.861375	2.893644	-0.294331
94	47000000	47500000	2.340887	2.692993	-0.353275
95	47500000	48000000	2.928943	2.397514	-0.552599
96	48000000	48500000	3.386227	1.947303	-0.811758
97	48500000	49000000	3.708449	1.339507	-1.085391
98	49000000	49500000	3.967511	0.994284	-1.308847
99	49500000	50000000	3.078833	0.263316	-1.801862
100	50000000	50500000	2.016467	-0.234523	-2.086401
101	50500000	51000000	0.667807	-0.536686	-2.381697
102	51000000	51500000	-0.716206	-0.556192	-2.455981
103	51500000	52000000	-0.610678	-0.580885	-1.864125
104	52000000	52500000	-0.397643	-0.547447	-1.242949
105	52500000	53000000	-1.722505	-0.733759	-1.396492
106	53000000	53500000	-0.620234	-0.501648	-1.015785
107	53500000	54000000	0.547627	-0.275372	-0.651855
108	54000000	54500000	1.711286	-0.191735	-0.372572
109	54500000	55000000	3.007247	-0.408537	-0.219464
110	55000000	55500000	2.859349	-0.445112	-0.543401
111	55500000	56000000	2.477751	-0.404472	-0.918520
112	56000000	56500000	3.481787	-0.255713	-0.444700
113	56500000	57000000	3.161081	-0.119107	-0.273578
114	57000000	57500000	2.873012	0.060864	-0.040873
115	57500000	58000000	2.767294	0.284189	0.276308
116	58000000	58500000	2.614135	0.642226	0.582036
117	58500000	59000000	2.490816	0.892730	0.747640
118	59000000	59500000	2.467309	1.092042	1.042354
119	59500000	60000000	2.346818	1.435381	1.216817
120	60000000	60500000	2.170392	1.857440	1.462725
121	60500000	61000000	1.977488	2.154659	1.661307
122	61000000	61500000	1.815788	2.367357	1.867803
123	61500000	62000000	1.657417	2.484371	2.058033
124	62000000	62500000	1.566593	2.606777	2.219052
125	62500000	63000000	1.445936	2.808969	2.339491
126	63000000	63500000	1.502080	2.877023	2.444262
127	63500000	64000000	1.714144	2.829609	2.659020
128	64000000	64500000	1.919800	2.830566	2.787070
129	64500000	65000000	1.861336	2.854049	2.941390
130	65000000	65500000	1.905426	2.842835	3.142301
131	65500000	66000000	1.766443	2.789628	3.353324
132	66000000	66500000	1.670373	2.818498	3.441491
133	66500000	67000000	1.456464	2.713762	3.558312
134	67000000	67500000	1.123803	2.656748	3.509584
135	67500000	68000000	0.871260	2.556446	3.538824
136	68000000	68500000	0.651458	2.485460	3.430970
137	68500000	69000000	0.358893	2.500508	3.238938
138	69000000	69500000	0.088862	2.516471	3.055107
139	69500000	70000000	-0.043472	2.258557	3.054270
140	70000000	70500000	-0.170948	2.231618	3.019906
141	70500000	71000000	-0.327224	2.276755	3.039673
142	71000000	71500000	-0.530244	2.317323	2.946159
143	71500000	72000000	-0.675301	2.462749	2.905328
144	72000000	72500000	-0.773989	2.498469	2.917197
145	72500000	73000000	-0.833954	2.444166	2.908708
146	73000000	73500000	-0.808286	2.378710	2.866265
147	73500000	74000000	-0.812061	2.200769	2.959689
148	74000000	74500000	-0.630650	1.939301	3.044569
149	74500000	75000000	-0.506625	1.683152	3.180711
150	75000000	75500000	-0.258436	1.308222	3.233129
151	75500000	76000000	-0.061790	0.993991	3.293088
152	76000000	76500000	0.134587	0.726161	3.368798
153	76500000	77000000	0.233030	0.602405	3.299734
154	77000000	77500000	0.424249	0.324574	2.977667
155	77500000	78000000	0.516927	0.095018	2.642947
156	78000000	78500000	0.778102	-0.206364	2.267113
157	78500000	79000000	1.034646	-0.489697	1.976290
158	79000000	79500000	1.299454	-0.754588	1.613290
159	79500000	80000000	1.612805	-1.090209	1.276417
160	80000000	80500000	1.780923	-1.415324	0.979842
161	80500000	81000000	2.012667	-1.709884	0.876873
162	81000000	81500000	2.186978	-1.849216	0.880191
163	81500000	82000000	2.198615	-1.854283	0.951545
164	82000000	82500000	2.060299	-1.925335	0.991124
165	82500000	83000000	2.014315	-2.000393	1.063747
166	83000000	83500000	1.943705	-2.044254	1.152266
167	83500000	84000000	2.111315	-2.174501	1.273714
168	84000000	84500000	2.117681	-2.090100	1.463579
169	84500000	85000000	1.997386	-1.992190	1.517458
170	85000000	85500000	1.930712	-2.078737	1.483312
171	85500000	86000000	2.041653	-2.118999	1.542073
172	86000000	86500000	2.031622	-2.208355	1.537408
173	86500000	87000000	1.975082	-2.090314	1.606379
174	87000000	87500000	1.868152	-2.092593	1.474980
175	87500000	88000000	1.918096	-2.338752	1.188348
176	88000000	88500000	2.160144	-2.694160	0.909200
177	88500000	89000000	2.178877	-2.873080	0.756857
178	89000000	89500000	2.082408	-3.083439	0.329806
179	89500000	90000000	1.984626	-3.194793	0.033487
180	90000000	90500000	1.878897	-3.387796	-0.289077
181	90500000	91000000	1.677686	-3.375946	-0.426684
182	91000000	91500000	1.454808	-3.280730	-0.508814
183	91500000	92000000	1.149265	-3.212504	-0.574902
184	92000000	92500000	0.989074	-3.025285	-0.502674
185	92500000	93000000	0.841300	-2.888934	-0.372405
186	93000000	93500000	0.647960	-2.676581	-0.159166
187	93500000	94000000	0.331109	-2.613274	-0.265528
188	94000000	94500000	0.072019	-2.577260	-0.235310
189	94500000	95000000	-0.192845	-2.519687	-0.137012
190	95000000	95500000	-0.352464	-2.644497	-0.266498
191	95500000	96000000	-0.420088	-2.910303	-0.539393
192	96000000	96500000	-0.442407	-3.040132	-0.643140
193	96500000	97000000	-0.477562	-3.203831	-0.859952
194	97000000	97500000	-0.287623	-3.360517	-0.759856
195	97500000	98000000	-0.139589	-3.496110	-0.775590
196	98000000	98500000	-0.083082	-3.572898	-0.899657
197	98500000	99000000	-0.126972	-3.580571	-0.825306
198	99000000	99500000	-0.254632	-3.551383	-0.687000
199	99500000	100000000	-0.362237	-3.545208	-0.586607
200	100000000	100500000	-0.314998	-3.534953	-0.418853
201	100500000	101000000	-0.381775	-3.385564	-0.198164
202	101000000	101500000	-0.429103	-3.178717	-0.053311
203	101500000	102000000	-0.450710	-3.254257	0.066686
204	102000000	102500000	-0.459549	-3.207911	0.229696
205	102500000	103000000	-0.416933	-3.201242	0.346740
206	103000000	103500000	-0.400758	-3.233161	0.514486
207	103500000	104000000	-0.416574	-3.321827	0.617180
208	104000000	104500000	-0.319714	-3.465380	0.609693
209	104500000	105000000	-0.284845	-3.634197	0.681780
210	105000000	105500000	-0.195794	-3.695695	0.823263
211	105500000	106000000	-0.079593	-3.574001	0.980336
212	106000000	106500000	0.010280	-3.476544	1.288744
213	106500000	107000000	0.056724	-3.199386	1.618414
214	107000000	107500000	0.022011	-2.940323	1.832949
215	107500000	108000000	-0.134100	-2.861156	1.948080
216	108000000	108500000	-0.251856	-2.823233	2.117260
217	108500000	109000000	-0.311028	-2.632961	2.414224
218	109000000	109500000	-0.399005	-2.626471	2.635911
219	109500000	110000000	-0.502007	-2.543374	2.565219
220	110000000	110500000	-0.575716	-2.473620	2.541674
221	110500000	111000000	-0.696667	-2.387370	2.638828
222	111000000	111500000	-0.775062	-2.202932	2.653256
223	111500000	112000000	-0.847638	-2.022697	2.584662
224	112000000	112500000	-0.966328	-1.784794	2.383300
225	112500000	113000000	-1.025810	-1.649503	2.222493
226	113000000	113500000	-1.197194	-1.700328	2.193711
227	113500000	114000000	-1.382351	-1.701559	2.121922
228	114000000	114500000	-1.463663	-1.609300	2.021946
229	114500000	115000000	-1.535619	-1.454159	2.085660
230	115000000	115500000	-1.620151	-1.247983	2.198951
231	115500000	116000000	-1.804476	-1.032395	2.345708
232	116000000	116500000	-1.956891	-0.704541	2.483040
233	116500000	117000000	-2.025913	-0.195133	2.635172
234	117000000	117500000	-2.187815	0.173494	2.674773
235	117500000	118000000	-2.324357	0.443485	2.722087
236	118000000	118500000	-2.371103	0.580806	2.693794
237	118500000	119000000	-2.441584	0.650377	2.709225
238	119000000	119500000	-2.442687	0.591002	2.651845
239	119500000	120000000	-2.606020	0.536793	2.591274
240	120000000	120500000	-2.686073	0.291125	2.508314
241	120500000	121000000	-2.638143	-0.134887	2.411085
242	121000000	121500000	-2.609361	-0.395109	2.245316
243	121500000	122000000	-2.601714	-0.497371	2.160539
244	122000000	122500000	-2.701891	-0.804169	1.867280
245	122500000	123000000	-2.836372	-1.097088	1.647805
246	123000000	123500000	-2.856485	-1.299293	1.555052
247	123500000	124000000	-2.822535	-1.287039	1.430614
248	124000000	124500000	-2.768994	-1.166344	1.325503
249	124500000	125000000	-2.826211	-1.203436	1.300428
250	125000000	125500000	-2.905106	-1.405280	1.204837
251	125500000	126000000	-2.799266	-1.425753	1.187682
252	126000000	126500000	-2.657973	-1.535056	1.052625
253	126500000	127000000	-2.478695	-1.601013	0.887154
254	127000000	127500000	-2.390166	-1.715513	0.892927
255	127500000	128000000	-2.492887	-1.911792	0.712130
256	128000000	128500000	-2.508307	-2.055653	0.508232
257	128500000	129000000	-2.572579	-1.912142	0.476871
258	129000000	129500000	-2.597133	-1.787481	0.503469
259	129500000	130000000	-2.565826	-1.654787	0.616772
260	130000000	130500000	-2.649205	-1.619354	0.616844
261	130500000	131000000	-2.723510	-1.604827	0.420192
262	131000000	131500000	-2.655611	-1.586872	0.445930
263	131500000	132000000	-2.675596	-1.483167	0.494329
264	132000000	132500000	-2.647035	-1.562472	0.400157
265	132500000	133000000	-2.731543	-1.397825	0.440267
266	133000000	133500000	-2.895573	-1.248677	0.361851
267	133500000	134000000	-3.208987	-1.041423	0.345917
268	134000000	134500000	-3.297419	-0.989802	0.368849
269	134500000	135000000	-3.433217	-0.747758	0.403726
270	135000000	135500000	-3.531645	-0.615712	0.447251
